0.641, 0.84, 1, -6.121, 1, 0.0407, 0.0141, 0.886, 0.166, 0.287, 140.016, 194000, 4
0.714, 0.943, 11, -8.476, 0, 0.192, 0.0294, 0.00295, 0.339, 0.282, 145.056, 265000, 4
0.708, 0.498, 0, -7.068, 1, 0.184, 0.0775, 0.843, 0.0358, 0.33, 139.967, 205714, 4
0.918, 0.534, 5, -6.753, 1, 0.287, 0.194, 0.611, 0.355, 0.385, 139.99, 200500, 4
0.886, 0.416, 6, -12.977, 1, 0.386, 0.384, 0.492, 0.165, 0.455, 139.988, 186987, 4
0.797, 0.617, 11, -6.606, 0, 0.111, 0.0679, 0.716, 0.096, 0.372, 94.011, 331915, 4
0.422, 0.649, 9, -4.841, 0, 0.196, 0.00201, 0.65, 0.0917, 0.0877, 183.296, 262268, 5
0.798, 0.434, 5, -9.594, 0, 0.0355, 0.000581, 0.894, 0.111, 0.242, 140.02, 296726, 4
0.718, 0.835, 2, -11.128, 1, 0.0697, 0.0415, 0.779, 0.223, 0.649, 139.984, 305790, 4
0.653, 0.61, 2, -7.065, 1, 0.0451, 0.0361, 0.9, 0.0696, 0.223, 140.011, 277750, 4
0.64, 0.601, 8, -5.942, 1, 0.0466, 0.0116, 0.856, 0.147, 0.181, 139.992, 309154, 4
0.72, 0.808, 9, -8.386, 1, 0.134, 0.00492, 0.0584, 0.841, 0.828, 139.976, 256969, 4
0.805, 0.732, 2, -5.425, 1, 0.101, 0.0345, 0.423, 0.208, 0.339, 140.004, 230692, 4
0.84, 0.484, 1, -7.288, 1, 0.0517, 0.162, 0.398, 0.0996, 0.226, 140.026, 233214, 4
0.903, 0.436, 2, -7.015, 1, 0.0556, 0.00126, 0.108, 0.124, 0.112, 140.035, 253812, 4
0.645, 0.571, 2, -8.824, 1, 0.0548, 0.859, 0.805, 0.103, 0.198, 135.214, 245042, 5
0.808, 0.405, 8, -10.865, 0, 0.0721, 0.191, 0.919, 0.271, 0.667, 141.02, 210750, 4
0.738, 0.566, 6, -10.983, 1, 0.0504, 0.324, 0.651, 0.0717, 0.369, 145.001, 232833, 4
0.854, 0.629, 10, -9.197, 0, 0.0816, 0.175, 0.854, 0.0902, 0.209, 139.982, 205719, 4
0.494, 0.561, 1, -7.527, 1, 0.0752, 0.099, 0.814, 0.0958, 0.123, 174.863, 220560, 5
0.767, 0.661, 5, -7.578, 0, 0.0637, 0.03, 0.716, 0.3, 0.245, 139.987, 373734, 4
0.713, 0.597, 10, -10.151, 0, 0.0377, 0.00445, 0.917, 0.112, 0.331, 139.986, 247308, 4
0.615, 0.711, 5, -8.858, 0, 0.0372, 0.0296, 0.0143, 0.14, 0.113, 120.019, 248000, 4
0.414, 0.697, 9, -8.153, 0, 0.349, 0.101, 2.52e-06, 0.0896, 0.165, 67.86, 238286, 4
0.78, 0.491, 5, -10.317, 0, 0.0402, 0.0766, 0.00156, 0.151, 0.444, 128.023, 131484, 4
0.629, 0.742, 5, -6.834, 0, 0.0767, 0.168, 0.846, 0.156, 0.631, 166.001, 168434, 4
0.317, 0.548, 4, -7.7, 0, 0.031, 0.00442, 0.904, 0.139, 0.0628, 102.521, 228410, 4
0.755, 0.413, 1, -9.161, 0, 0.0408, 0.138, 0.907, 0.238, 0.0407, 139.995, 215273, 4
0.406, 0.714, 5, -8.426, 0, 0.0481, 0.0928, 0.699, 0.122, 0.088, 139.939, 314243, 4
0.786, 0.312, 10, -10.622, 1, 0.113, 0.0662, 0.701, 0.614, 0.23, 140.011, 221584, 4
0.786, 0.481, 1, -6.905, 1, 0.0532, 0.0241, 0.881, 0.111, 0.0402, 139.975, 198947, 4
0.646, 0.917, 10, -4.357, 0, 0.421, 0.067, 0.0098, 0.0616, 0.345, 128.044, 186928, 4
0.605, 0.949, 8, -2.182, 1, 0.179, 0.143, 0.027, 0.0726, 0.296, 145.06, 145659, 4
0.539, 0.942, 10, -0.24, 0, 0.179, 0.0161, 0.0794, 0.278, 0.303, 145.067, 186112, 4
0.855, 0.856, 2, -6.383, 1, 0.129, 0.0343, 0.858, 0.141, 0.323, 129.989, 329613, 4
0.764, 0.889, 4, -6.569, 0, 0.178, 0.0183, 0.57, 0.086, 0.231, 130.958, 360080, 4
0.822, 0.918, 4, -6.395, 0, 0.094, 0.128, 0.764, 0.293, 0.181, 133.012, 271667, 4
0.713, 0.909, 0, -6.275, 1, 0.0599, 0.129, 0.851, 0.735, 0.394, 127.996, 353493, 4
0.734, 0.624, 10, -6.504, 0, 0.137, 0.0251, 0.758, 0.269, 0.124, 104.05, 282981, 4
0.787, 0.567, 5, -7.346, 0, 0.0659, 0.00105, 0.493, 0.323, 0.684, 107.012, 260187, 4
0.498, 0.676, 1, -9.475, 1, 0.433, 0.0369, 0.0707, 0.531, 0.504, 103.819, 211283, 4
0.674, 0.554, 8, -8.17, 1, 0.0407, 0.0018, 0.0802, 0.115, 0.0772, 107.014, 430654, 4
0.296, 0.765, 8, -13.463, 1, 0.129, 0.0474, 0.387, 0.199, 0.0602, 82.164, 136822, 4
0.298, 0.54, 7, -9.835, 0, 0.0807, 0.0203, 0.531, 0.58, 0.0386, 160.644, 366998, 3
0.501, 0.589, 1, -11.43, 1, 0.23, 0.112, 0.733, 0.141, 0.348, 139.942, 226286, 4
0.42, 0.656, 10, -12.319, 1, 0.192, 0.269, 0.659, 0.326, 0.0352, 139.872, 226286, 3
0.446, 0.597, 5, -12.032, 0, 0.0599, 0.0311, 0.602, 0.126, 0.109, 143.85, 213333, 4
0.418, 0.328, 0, -15.669, 1, 0.0332, 0.471, 0.695, 0.343, 0.0395, 139.718, 414857, 4
0.518, 0.545, 1, -9.402, 1, 0.421, 0.271, 0.185, 0.462, 0.423, 139.894, 171446, 4
0.731, 0.465, 2, -12.02, 1, 0.0924, 0.366, 0.558, 0.0986, 0.13, 140.064, 246950, 4
0.694, 0.682, 2, -11.215, 1, 0.0465, 0.0882, 0.769, 0.5, 0.304, 140.071, 249429, 4
0.585, 0.755, 1, -9.175, 1, 0.0398, 0.0121, 0.858, 0.108, 0.205, 139.971, 336000, 4
0.691, 0.596, 1, -9.235, 0, 0.103, 0.384, 0.75, 0.117, 0.0574, 139.998, 226290, 4
0.179, 0.595, 4, -11.213, 1, 0.0441, 0.00188, 0.749, 0.117, 0.0385, 97.878, 197143, 3
0.604, 0.523, 1, -9.738, 1, 0.0464, 0.141, 0.9, 0.108, 0.111, 140.006, 332571, 4
0.658, 0.371, 4, -10.559, 0, 0.0549, 0.00948, 0.872, 0.0896, 0.0393, 139.986, 195429, 4
0.664, 0.534, 2, -9.363, 1, 0.0481, 0.00772, 0.598, 0.126, 0.151, 139.946, 264000, 4
0.712, 0.42, 7, -10.176, 1, 0.122, 0.701, 0.0636, 0.326, 0.0928, 140.083, 250306, 4
0.679, 0.445, 2, -12.768, 1, 0.089, 0.265, 0.183, 0.347, 0.109, 139.977, 260143, 4
0.704, 0.535, 11, -10.493, 0, 0.0434, 0.0214, 0.742, 0.086, 0.354, 140.073, 281143, 4
0.445, 0.585, 1, -9.773, 1, 0.11, 0.723, 0.718, 0.188, 0.29, 140.024, 226286, 4
0.485, 0.436, 7, -12.406, 0, 0.0836, 0.535, 0.382, 0.0904, 0.116, 139.9, 213000, 4
0.611, 0.669, 5, -11.501, 0, 0.0393, 0.0613, 0.496, 0.253, 0.107, 140.025, 260143, 4
0.864, 0.656, 1, -12.166, 1, 0.283, 0.0274, 0.000833, 0.306, 0.338, 139.986, 192000, 4
0.757, 0.746, 10, -4.247, 0, 0.0514, 0.00405, 0.363, 0.369, 0.181, 110.009, 194318, 4
0.753, 0.774, 10, -4.333, 0, 0.0475, 0.00365, 0.896, 0.372, 0.108, 110.018, 194318, 4
0.74, 0.736, 9, -7.833, 1, 0.0729, 0.0137, 0.854, 0.0999, 0.375, 140.074, 199500, 4
0.766, 0.484, 7, -11.278, 1, 0.0535, 0.00252, 0.86, 0.267, 0.662, 138.02, 260920, 4
0.508, 0.732, 1, -7.523, 1, 0.0385, 0.00142, 0.78, 0.109, 0.0386, 139.959, 274406, 4
0.667, 0.716, 8, -7.311, 0, 0.0371, 0.0346, 0.604, 0.148, 0.131, 139.985, 253942, 4
0.731, 0.717, 1, -6.951, 1, 0.0498, 0.00528, 0.724, 0.436, 0.038, 105.008, 233263, 3
0.404, 0.558, 7, -11.251, 1, 0.0339, 0.0403, 0.77, 0.0943, 0.0348, 104.969, 288121, 3
0.649, 0.923, 1, -4.944, 1, 0.0592, 0.00217, 0.293, 0.272, 0.0754, 123.971, 236148, 4
0.45, 0.718, 9, -11.101, 1, 0.0961, 0.208, 0.917, 0.509, 0.14, 139.871, 222857, 4
0.784, 0.937, 2, -2.751, 1, 0.148, 0.0473, 0, 0.0671, 0.666, 130.054, 195779, 4
0.805, 0.519, 7, -9.268, 1, 0.0596, 0.0341, 0.841, 0.0545, 0.455, 139.959, 226290, 4
0.511, 0.652, 11, -6.291, 0, 0.412, 0.201, 0, 0.338, 0.341, 69.827, 197143, 4
0.773, 0.567, 7, -7.697, 1, 0.0963, 0.0164, 0.679, 0.847, 0.424, 140.016, 284576, 4
0.761, 0.666, 5, -12.543, 1, 0.0945, 0.4, 0.825, 0.0796, 0.139, 119.926, 279388, 4
0.615, 0.712, 0, -6.439, 1, 0.0417, 0.000323, 0.849, 0.0444, 0.213, 140.078, 256077, 4
[0.847, 0.639, 11, -8.097, 0, 0.449, 0.336, 0, 0.0777, 0.503, 143.91, 176560, 4]
[0.691, 0.705, 8, -8.721, 1, 0.0446, 0.0513, 0.733, 0.157, 0.217, 105.99, 185660, 4]
[0.27, 0.852, 8, -9.784, 0, 0.079, 0.000909, 0.764, 0.116, 0.0445, 68.824, 281741, 4]
[0.586, 0.657, 0, -9.536, 1, 0.0498, 0.0809, 0.0472, 0.228, 0.357, 140.059, 308572, 4]
[0.565, 0.526, 7, -10.829, 0, 0.0421, 0.488, 0.874, 0.31, 0.245, 130.023, 332195, 4]
[0.562, 0.687, 9, -9.91, 1, 0.578, 0.0227, 0, 0.197, 0.309, 139.312, 198857, 4]
[0.739, 0.852, 1, -4.669, 0, 0.421, 0.0125, 0.319, 0.273, 0.242, 142.309, 189296, 4]
[0.37, 0.807, 9, -8.719, 0, 0.0574, 0.207, 0.912, 0.518, 0.315, 135.997, 312362, 4]
[0.755, 0.539, 7, -11.304, 1, 0.223, 0.163, 0.174, 0.738, 0.089, 140.025, 219429, 4]
[0.581, 0.934, 10, -7.998, 0, 0.0347, 0.00355, 0.875, 0.912, 0.546, 139.987, 228372, 4]
[0.651, 0.672, 7, -11.186, 1, 0.12, 0.01, 0.271, 0.254, 0.276, 140.117, 285429, 4]
[0.697, 0.521, 0, -12.041, 1, 0.0376, 0.00752, 0.882, 0.0887, 0.16, 140.008, 251392, 4]
[0.573, 0.927, 11, -1.489, 1, 0.187, 0.0221, 0, 0.133, 0.161, 85.822, 172796, 4]
[0.399, 0.661, 8, -6.707, 1, 0.0896, 0.2, 0, 0.15, 0.641, 199.788, 142250, 3]
[0.795, 0.738, 1, -5.722, 1, 0.0545, 0.00217, 0.625, 0.36, 0.241, 140.042, 240000, 4]
[0.833, 0.563, 5, -6.335, 0, 0.0655, 0.0716, 0.797, 0.0568, 0.196, 137.486, 198987, 4]
[0.68, 0.746, 5, -5.877, 1, 0.169, 0.00877, 0.743, 0.0796, 0.338, 78.964, 174739, 4]
[0.444, 0.979, 1, -9.434, 0, 0.501, 0.124, 0.0116, 0.324, 0.0532, 140.069, 232105, 4]
[0.691, 0.811, 10, -10.074, 0, 0.292, 0.0173, 1.14e-06, 0.348, 0.511, 140.251, 187798, 4]
[0.556, 0.69, 8, -12.377, 1, 0.077, 0.0412, 0.863, 0.649, 0.113, 140.086, 286948, 4]
[0.583, 0.608, 1, -10.689, 1, 0.0977, 0.000792, 7.1e-05, 0.629, 0.141, 140.381, 227433, 4]
[0.532, 0.79, 7, -10.292, 1, 0.431, 0.0424, 3.37e-05, 0.101, 0.356, 142.03, 262472, 4]
[0.667, 0.539, 10, -9.943, 0, 0.307, 0.00224, 0, 0.306, 0.364, 140.336, 183616, 4]
[0.585, 0.793, 0, -11.734, 1, 0.126, 4.71e-05, 0.553, 0.306, 0.168, 139.974, 206972, 4]
[0.398, 0.406, 11, -8.257, 1, 0.0696, 0.17, 0.722, 0.0711, 0.0911, 178.682, 328152, 5]
[0.784, 0.873, 1, -4.861, 1, 0.0784, 0.0784, 0.911, 0.17, 0.464, 145.039, 162283, 4]
[0.792, 0.577, 4, -10.627, 0, 0.12, 0.469, 0.795, 0.211, 0.447, 136.97, 414088, 4]
[0.779, 0.961, 11, -4.975, 0, 0.177, 0.0996, 0, 0.0469, 0.886, 140.009, 221911, 4]
[0.781, 0.998, 11, -6.839, 0, 0.0686, 0.00098, 0.895, 0.0484, 0.628, 139.996, 221911, 4]
[0.638, 0.433, 8, -9.784, 1, 0.0722, 0.466, 0.867, 0.13, 0.0354, 139.87, 205714, 4]
[0.692, 0.791, 5, -7.191, 0, 0.057, 0.201, 0.407, 0.0921, 0.262, 139.924, 168000, 4]
[0.928, 0.364, 7, -8.443, 1, 0.216, 0.098, 0.703, 0.124, 0.424, 140.005, 274317, 4]
[0.837, 0.62, 9, -9.21, 0, 0.0991, 0.0187, 0.862, 0.113, 0.241, 140.055, 233156, 4]
[0.642, 0.539, 3, -9.482, 1, 0.0332, 0.0546, 0.893, 0.101, 0.0633, 140.013, 255438, 4]
[0.591, 0.723, 0, -4.803, 1, 0.0614, 0.00731, 0.000455, 0.273, 0.0784, 149.9, 171662, 4]
[0.762, 0.441, 5, -7.233, 0, 0.0617, 0.0764, 0.793, 0.0851, 0.216, 139.994, 186667, 4]
[0.724, 0.434, 2, -14.092, 1, 0.0456, 0.373, 0.576, 0.113, 0.0748, 140.018, 308251, 4]
[0.717, 0.418, 9, -12.798, 1, 0.137, 0.0601, 0.083, 0.195, 0.699, 139.999, 253714, 4]
[0.617, 0.494, 9, -11.606, 1, 0.0389, 0.188, 0.845, 0.0745, 0.0778, 140.03, 281143, 4]
[0.844, 0.348, 1, -11.845, 0, 0.452, 0.0413, 0.00953, 0.247, 0.415, 139.968, 228897, 4]
[0.582, 0.584, 6, -8.623, 1, 0.474, 0.0108, 0.0138, 0.928, 0.128, 140.033, 264125, 4]
[0.803, 0.598, 11, -6.543, 1, 0.0495, 0.0441, 0.124, 0.365, 0.819, 140.029, 307707, 4]
[0.735, 0.688, 2, -10.955, 1, 0.0604, 0.0641, 0.756, 0.0945, 0.617, 140.017, 235843, 4]
[0.769, 0.734, 11, -7.604, 0, 0.0422, 0.0134, 0.831, 0.0763, 0.918, 140.045, 222886, 4]
[0.779, 0.662, 0, -8.033, 1, 0.0655, 0.00819, 0.834, 0.0944, 0.338, 140.0, 223903, 4]
[0.727, 0.552, 5, -10.607, 0, 0.345, 0.035, 0.681, 0.178, 0.492, 85.064, 149779, 5]
[0.584, 0.219, 0, -11.978, 1, 0.0965, 0.0448, 0.0419, 0.295, 0.0785, 139.824, 198177, 4]
[0.903, 0.672, 9, -11.21, 1, 0.205, 0.461, 0.904, 0.341, 0.328, 140.016, 219429, 4]
[0.649, 0.644, 8, -6.874, 1, 0.0525, 0.00285, 0.721, 0.137, 0.0381, 140.001, 219429, 4]
[0.774, 0.632, 1, -9.108, 1, 0.063, 0.202, 0.862, 0.196, 0.27, 142.002, 334307, 4]
[0.344, 0.973, 4, -4.707, 1, 0.0725, 0.000674, 0.383, 0.0619, 0.713, 140.834, 345066, 4]
[0.787, 0.695, 0, -8.732, 0, 0.103, 0.0015, 0.632, 0.2, 0.234, 99.984, 216000, 4]
[0.643, 0.585, 9, -7.101, 1, 0.0455, 0.00393, 0.842, 0.219, 0.28, 160.055, 174000, 4]
[0.804, 0.781, 2, -7.729, 1, 0.108, 0.135, 0.872, 0.0593, 0.411, 140.021, 258568, 4]
[0.819, 0.65, 4, -7.643, 0, 0.0441, 0.00263, 0.593, 0.0895, 0.6, 120.013, 256692, 4]
[0.521, 0.901, 11, -4.875, 0, 0.0494, 0.00952, 0.000101, 0.357, 0.252, 119.974, 385031, 4]
[0.449, 0.569, 6, -5.805, 0, 0.0975, 0.437, 0.574, 0.159, 0.441, 79.639, 271354, 4]
[0.735, 0.724, 1, -5.014, 1, 0.0529, 0.102, 0.184, 0.101, 0.34, 99.985, 244800, 4]
[0.682, 0.865, 7, -4.056, 1, 0.0649, 0.00499, 0.491, 0.0557, 0.17, 139.993, 278375, 4]
[0.554, 0.939, 1, -8.133, 1, 0.387, 0.115, 0.847, 0.868, 0.291, 139.918, 289714, 4]
[0.669, 0.919, 7, -6.745, 1, 0.141, 0.00293, 0.236, 0.352, 0.521, 79.977, 259500, 4]
[0.736, 0.685, 5, -7.11, 0, 0.124, 0.126, 0.0484, 0.0758, 0.474, 139.991, 318857, 4]
[0.804, 0.885, 11, -5.686, 0, 0.0407, 0.00156, 0.702, 0.308, 0.258, 140.014, 312000, 4]
[0.81, 0.411, 5, -5.793, 0, 0.041, 0.141, 0.553, 0.116, 0.077, 139.999, 296571, 4]
[0.645, 0.954, 6, -3.656, 0, 0.0701, 8.18e-05, 0.839, 0.0541, 0.535, 86.99, 257931, 4]
[0.854, 0.906, 5, -4.187, 1, 0.445, 0.00549, 0.866, 0.114, 0.172, 171.007, 251228, 4]
[0.753, 0.635, 11, -8.038, 1, 0.0426, 0.00221, 0.742, 0.0782, 0.287, 140.027, 277714, 4]
[0.713, 0.659, 10, -7.999, 0, 0.0521, 0.0345, 0.312, 0.143, 0.246, 139.953, 279429, 4]
[0.633, 0.814, 2, -4.346, 1, 0.0495, 0.000612, 0.607, 0.0559, 0.523, 175.02, 244114, 4]
[0.669, 0.695, 2, -7.321, 1, 0.0663, 0.0103, 0.554, 0.112, 0.271, 170.055, 249882, 4]
[0.78, 0.715, 9, -4.61, 1, 0.0426, 0.305, 0, 0.321, 0.821, 115.025, 155000, 3]
[0.712, 0.421, 6, -12.566, 0, 0.118, 0.228, 0.891, 0.102, 0.188, 139.966, 200831, 4]
[0.711, 0.676, 1, -7.746, 1, 0.0438, 0.00523, 0.522, 0.341, 0.0738, 140.002, 246857, 4]
[0.471, 0.526, 8, -8.388, 0, 0.351, 0.0055, 0.145, 0.178, 0.328, 140.035, 306413, 4]
[0.646, 0.47, 8, -8.907, 1, 0.0303, 0.00117, 0.85, 0.119, 0.0505, 139.959, 307187, 4]
[0.691, 0.567, 9, -8.462, 1, 0.0393, 0.00734, 0.818, 0.125, 0.0847, 140.069, 284093, 4]
[0.896, 0.367, 2, -9.425, 1, 0.0607, 0.0144, 0.748, 0.108, 0.588, 139.982, 333627, 4]
[0.806, 0.417, 5, -11.657, 0, 0.1, 0.283, 0.903, 0.101, 0.531, 142.013, 300000, 4]
[0.741, 0.983, 10, -5.27, 1, 0.0707, 0.288, 0.853, 0.32, 0.237, 139.997, 398253, 4]
[0.728, 0.395, 0, -14.199, 1, 0.0806, 0.75, 0.734, 0.168, 0.0591, 139.91, 295853, 4]
[0.738, 0.868, 6, -9.419, 1, 0.127, 0.0163, 0.757, 0.324, 0.557, 139.989, 263087, 4]
[0.754, 0.38, 7, -15.65, 0, 0.0915, 0.661, 0.812, 0.0795, 0.104, 140.066, 256387, 4]
[0.866, 0.719, 1, -7.046, 1, 0.272, 0.0289, 4.54e-05, 0.0932, 0.949, 139.938, 221053, 4]
[0.842, 0.564, 2, -11.421, 1, 0.207, 0.0571, 1.37e-06, 0.0992, 0.356, 140.027, 222493, 4]
[0.745, 0.875, 11, -8.583, 1, 0.0457, 0.282, 0.863, 0.0863, 0.389, 139.998, 368560, 4]
[0.836, 0.762, 10, -7.25, 0, 0.125, 0.312, 0.579, 0.1, 0.521, 140.011, 324000, 4]
[0.665, 0.756, 7, -10.04, 0, 0.0488, 0.0854, 0.702, 0.156, 0.199, 140.021, 307540, 4]
[0.636, 0.404, 1, -10.276, 1, 0.211, 0.265, 0.139, 0.0678, 0.0642, 140.033, 294857, 4]
[0.76, 0.491, 1, -9.045, 0, 0.0497, 0.00576, 0.642, 0.33, 0.0386, 139.994, 265330, 4]
[0.818, 0.528, 1, -6.384, 1, 0.104, 0.327, 0.875, 0.0851, 0.0891, 139.998, 260036, 4]
[0.375, 0.563, 4, -11.536, 0, 0.0534, 0.182, 0.63, 0.0911, 0.0381, 139.776, 267000, 4]
[0.696, 0.739, 10, -2.254, 0, 0.399, 0.0138, 0.0221, 0.291, 0.498, 73.991, 223074, 1]
[0.596, 0.718, 11, -5.035, 0, 0.0757, 0.0102, 0.589, 0.122, 0.111, 150.035, 245896, 4]
