0.838, 0.686, 1, -9.279, 1, 0.0564, 0.00544, 0.759, 0.0518, 0.202, 109.995, 366576, 4
0.747, 0.883, 11, -7.397, 0, 0.0437, 0.00073, 0.709, 0.0534, 0.536, 125.981, 350511, 4
0.756, 0.623, 0, -9.101, 1, 0.071, 0.00378, 0.77, 0.0232, 0.267, 121.993, 330527, 4
0.723, 0.623, 10, -11.294, 1, 0.047, 0.0187, 0.906, 0.0962, 0.129, 124.014, 387097, 4
0.783, 0.733, 9, -9.68, 0, 0.0794, 0.195, 0.886, 0.108, 0.578, 123.019, 374634, 4
0.802, 0.944, 6, -6.114, 0, 0.0633, 0.00721, 0.882, 0.0206, 0.259, 124.99, 430080, 4
0.799, 0.818, 0, -7.115, 1, 0.0597, 0.00314, 0.903, 0.146, 0.855, 125.027, 368640, 4
0.77, 0.849, 2, -8.11, 1, 0.0514, 0.000261, 0.663, 0.0887, 0.59, 126.003, 350476, 4
0.806, 0.992, 4, -6.064, 0, 0.0619, 0.00418, 0.807, 0.083, 0.714, 123.999, 356129, 4
0.805, 0.771, 4, -8.757, 0, 0.0584, 0.000417, 0.888, 0.1, 0.258, 125.003, 384000, 4
0.803, 0.889, 3, -7.845, 0, 0.0596, 0.000398, 0.815, 0.0772, 0.331, 125.002, 384000, 4
0.809, 0.868, 1, -7.482, 1, 0.0511, 0.000591, 0.86, 0.0628, 0.525, 122.0, 377705, 4
0.808, 0.943, 9, -5.806, 0, 0.0467, 0.000158, 0.85, 0.0443, 0.451, 120.021, 432000, 4
0.775, 0.906, 2, -8.479, 1, 0.0507, 0.000252, 0.858, 0.0869, 0.602, 126.004, 350476, 4
0.82, 0.929, 6, -8.033, 1, 0.0476, 0.00117, 0.915, 0.0896, 0.541, 119.979, 352000, 4
0.885, 0.983, 6, -6.148, 0, 0.063, 5.22e-05, 0.746, 0.0436, 0.661, 123.999, 294194, 4
0.422, 0.212, 0, -17.707, 0, 0.299, 0.873, 0.000265, 0.373, 0.0292, 126.903, 337920, 4
0.82, 0.721, 6, -4.617, 0, 0.0468, 0.00392, 0.862, 0.0863, 0.4, 121.999, 377705, 4
0.809, 0.953, 9, -5.857, 0, 0.0463, 0.00014, 0.924, 0.0445, 0.379, 120.016, 432000, 4
0.798, 0.889, 7, -7.419, 0, 0.0711, 0.000661, 0.727, 0.103, 0.187, 126.052, 411429, 4
0.845, 0.656, 6, -4.212, 1, 0.154, 0.00107, 0.925, 0.143, 0.839, 119.994, 304000, 4
0.791, 0.875, 10, -7.28, 1, 0.0698, 0.000629, 0.791, 0.102, 0.151, 126.024, 411429, 4
0.799, 0.931, 8, -6.375, 0, 0.0599, 0.000303, 0.862, 0.0733, 0.31, 124.998, 368640, 4
0.808, 0.799, 5, -7.25, 0, 0.0851, 0.000236, 0.84, 0.0958, 0.0747, 120.028, 400000, 4
0.801, 0.772, 7, -8.518, 1, 0.0614, 0.000881, 0.828, 0.1, 0.41, 125.006, 384000, 4
0.796, 0.94, 11, -7.507, 0, 0.0864, 0.00293, 0.489, 0.206, 0.961, 123.01, 327805, 4
0.803, 0.668, 7, -12.602, 1, 0.0591, 0.00376, 0.877, 0.0974, 0.16, 122.0, 410484, 4
0.794, 0.911, 10, -7.25, 0, 0.0607, 0.000686, 0.776, 0.156, 0.32, 125.013, 293760, 4
0.725, 0.916, 8, -5.823, 1, 0.0488, 0.00286, 0.551, 0.0226, 0.238, 125.01, 280320, 4
0.869, 0.773, 11, -9.37, 0, 0.192, 0.0107, 0.194, 0.05, 0.205, 124.015, 325373, 4
0.903, 0.799, 11, -9.083, 0, 0.187, 0.0796, 0.0392, 0.335, 0.421, 124.012, 238211, 4
0.707, 0.913, 8, -6.747, 1, 0.0409, 3.05e-05, 0.868, 0.0799, 0.119, 122.02, 255738, 4
0.804, 0.956, 0, -13.619, 1, 0.0455, 0.00181, 0.861, 0.0501, 0.287, 110.997, 404433, 4
0.676, 0.622, 5, -11.761, 1, 0.0367, 9.35e-05, 0.923, 0.173, 0.0724, 124.008, 452903, 4
0.741, 0.645, 9, -11.146, 1, 0.0546, 0.00263, 0.881, 0.0609, 0.268, 123.991, 532258, 4
0.807, 0.672, 8, -8.231, 1, 0.0896, 0.000912, 0.691, 0.193, 0.441, 119.995, 432016, 4
0.775, 0.445, 11, -10.295, 0, 0.05, 0.0202, 0.883, 0.0834, 0.172, 123.01, 468293, 4
0.806, 0.717, 2, -7.795, 1, 0.0712, 0.000375, 0.699, 0.0684, 0.458, 123.002, 380488, 4
0.797, 0.889, 4, -4.959, 0, 0.0579, 0.00132, 0.626, 0.458, 0.715, 122.988, 320000, 4
0.805, 0.83, 1, -10.537, 1, 0.0632, 0.0129, 0.885, 0.0582, 0.56, 122.008, 318689, 4
0.799, 0.824, 9, -4.496, 0, 0.063, 0.00205, 0.903, 0.627, 0.537, 123.008, 374634, 4
0.677, 0.873, 4, -6.208, 0, 0.0356, 0.0102, 0.921, 0.654, 0.361, 124.009, 371613, 4
0.783, 0.969, 9, -5.776, 1, 0.0481, 0.108, 0.809, 0.686, 0.341, 121.998, 384000, 4
0.81, 0.871, 7, -10.134, 1, 0.0871, 2.95e-05, 0.873, 0.0373, 0.13, 120.0, 416000, 4
0.847, 0.894, 9, -6.953, 1, 0.162, 0.0171, 0.897, 0.0985, 0.329, 125.017, 391680, 4
0.801, 0.819, 7, -8.163, 1, 0.0517, 0.000553, 0.784, 0.0657, 0.317, 125.004, 468480, 4
0.786, 0.823, 2, -6.958, 1, 0.0334, 0.0182, 0.109, 0.0913, 0.7, 119.995, 272000, 4
0.939, 0.873, 11, -5.264, 0, 0.0605, 0.00644, 0.17, 0.0892, 0.61, 126.042, 320000, 4
0.798, 0.929, 11, -6.337, 0, 0.0484, 0.0151, 0.614, 0.261, 0.813, 124.99, 437770, 4
0.572, 0.927, 4, -5.878, 1, 0.0433, 0.0132, 0.895, 0.136, 0.82, 123.014, 417825, 4
0.491, 0.888, 0, -7.335, 1, 0.0338, 0.00129, 0.92, 0.258, 0.298, 122.006, 352140, 4
0.514, 0.75, 8, -11.013, 0, 0.0383, 0.00105, 0.798, 0.665, 0.167, 122.994, 412405, 4
0.663, 0.788, 7, -12.218, 1, 0.0332, 0.000247, 0.85, 0.669, 0.606, 123.994, 392908, 4
0.527, 0.969, 2, -6.755, 0, 0.0371, 6.24e-05, 0.905, 0.431, 0.0398, 121.998, 434769, 4
0.745, 0.832, 11, -9.099, 0, 0.106, 0.00898, 0.612, 0.304, 0.93, 123.014, 382758, 4
0.818, 0.489, 9, -10.616, 1, 0.188, 0.0132, 0.85, 0.0626, 0.231, 123.002, 349321, 4
0.815, 0.892, 5, -6.395, 1, 0.0576, 0.0111, 0.79, 0.073, 0.39, 123.996, 390975, 4
0.826, 0.686, 11, -8.166, 0, 0.0431, 0.00111, 0.189, 0.0448, 0.68, 122.018, 429037, 4
0.567, 0.837, 6, -6.318, 1, 0.174, 0.195, 7.78e-05, 0.0719, 0.336, 119.906, 520089, 4
0.682, 0.634, 2, -9.439, 1, 0.0344, 0.27, 0.541, 0.104, 0.417, 123.027, 451982, 4
[0.819, 0.561, 3, -8.893, 0, 0.0502, 0.117, 0.144, 0.106, 0.876, 119.002, 211577, 4]
[0.766, 0.687, 7, -12.255, 1, 0.0664, 0.102, 0.918, 0.334, 0.215, 119.987, 481125, 4]
[0.803, 0.826, 10, -9.664, 0, 0.0594, 4.24e-05, 0.838, 0.0828, 0.328, 123.001, 408500, 4]
[0.562, 0.377, 6, -13.749, 0, 0.124, 0.169, 0.766, 0.0644, 0.572, 125.204, 286085, 4]
[0.511, 0.533, 11, -10.391, 1, 0.22, 0.000776, 0.892, 0.0838, 0.193, 125.03, 288005, 4]
[0.656, 0.552, 6, -8.749, 1, 0.312, 0.000189, 0.84, 0.0615, 0.247, 188.976, 284177, 3]
[0.539, 0.776, 9, -6.622, 1, 0.301, 0.00289, 0.19, 0.0737, 0.474, 184.342, 326601, 3]
[0.729, 0.957, 11, -5.955, 0, 0.0563, 0.00236, 0.808, 0.0428, 0.371, 123.996, 298064, 4]
[0.839, 0.537, 11, -9.27, 0, 0.069, 0.000245, 0.866, 0.129, 0.426, 125.047, 247680, 4]
[0.574, 0.586, 8, -9.505, 1, 0.103, 0.00129, 0.73, 0.0709, 0.0491, 189.043, 258145, 3]
[0.541, 0.19, 1, -11.03, 1, 0.365, 0.795, 0, 0.106, 0.0428, 111.699, 205512, 4]
[0.817, 0.654, 1, -8.723, 1, 0.0441, 0.344, 7.93e-05, 0.0419, 0.409, 112.006, 378140, 4]
[0.766, 0.688, 10, -11.166, 0, 0.0399, 0.147, 0.903, 0.0431, 0.377, 111.989, 378538, 4]
[0.551, 0.56, 1, -6.533, 1, 0.162, 0.00355, 0.888, 0.0828, 0.243, 83.359, 329052, 3]
[0.793, 0.569, 7, -10.046, 0, 0.0488, 0.00483, 0.731, 0.0915, 0.0996, 113.017, 443513, 4]
[0.601, 0.782, 2, -6.263, 1, 0.376, 0.003, 5e-05, 0.0413, 0.559, 178.273, 265925, 3]
[0.755, 0.857, 7, -4.375, 1, 0.11, 0.00465, 0.578, 0.0814, 0.581, 124.997, 296000, 4]
[0.774, 0.927, 2, -4.684, 1, 0.187, 0.00108, 0.25, 0.73, 0.58, 122.974, 350955, 4]
[0.777, 0.954, 5, -5.648, 0, 0.0725, 0.000731, 0.815, 0.0464, 0.37, 123.998, 296613, 4]
[0.702, 0.851, 10, -7.726, 0, 0.0373, 0.00693, 0.882, 0.0877, 0.21, 123.005, 273662, 4]
[0.744, 0.797, 10, -8.207, 0, 0.0454, 0.00946, 0.892, 0.0947, 0.209, 122.999, 378537, 4]
[0.793, 0.868, 1, -9.48, 1, 0.0608, 0.0106, 0.648, 0.245, 0.712, 125.015, 389760, 4]
[0.778, 0.859, 1, -10.18, 0, 0.0532, 0.0137, 0.903, 0.0822, 0.563, 120.011, 436016, 4]
[0.854, 0.358, 11, -14.564, 1, 0.0529, 0.0202, 0.523, 0.0848, 0.655, 113.026, 341515, 4]
[0.823, 0.681, 5, -10.282, 0, 0.037, 0.00975, 0.103, 0.107, 0.453, 115.003, 478075, 4]
[0.833, 0.74, 2, -16.057, 0, 0.0584, 0.0222, 0.845, 0.11, 0.872, 113.002, 436621, 4]
[0.897, 0.622, 5, -8.927, 0, 0.0495, 0.00633, 0.0135, 0.0782, 0.383, 113.016, 308673, 4]
[0.688, 0.397, 9, -15.914, 1, 0.0802, 0.0243, 0.91, 0.0821, 0.143, 199.984, 319219, 4]
[0.982, 0.4, 10, -14.579, 0, 0.397, 0.0048, 0, 0.289, 0.521, 112.995, 350249, 4]
[0.855, 0.581, 11, -9.783, 1, 0.0927, 0.0418, 0.0301, 0.0497, 0.573, 112.998, 375274, 4]
[0.837, 0.473, 10, -16.045, 0, 0.0745, 0.00169, 0.1, 0.0654, 0.504, 113.008, 417705, 4]
[0.65, 0.88, 11, -13.532, 0, 0.0773, 2.32e-05, 0.867, 0.0577, 0.332, 226.293, 384994, 4]
[0.664, 0.838, 0, -7.746, 1, 0.0409, 0.0376, 0.537, 0.0912, 0.502, 118.133, 445457, 4]
[0.793, 0.807, 5, -8.925, 0, 0.0519, 0.00105, 0.896, 0.109, 0.407, 119.992, 354010, 4]
[0.786, 0.881, 1, -10.644, 1, 0.0493, 0.045, 0.919, 0.0805, 0.808, 123.018, 345376, 4]
[0.808, 0.59, 11, -10.01, 0, 0.0496, 0.000521, 0.862, 0.0695, 0.352, 124.505, 281446, 4]
[0.809, 0.778, 7, -10.78, 1, 0.0545, 0.00141, 0.829, 0.0728, 0.179, 122.999, 313171, 4]
[0.81, 0.639, 7, -13.962, 1, 0.0552, 0.00659, 0.854, 0.103, 0.0562, 123.996, 232258, 4]
[0.654, 0.811, 5, -7.535, 0, 0.0522, 0.0258, 0.832, 0.405, 0.665, 123.977, 269032, 4]
[0.704, 0.857, 7, -6.875, 1, 0.0455, 0.0276, 0.79, 0.0812, 0.707, 124.998, 556800, 4]
[0.769, 0.661, 5, -7.361, 0, 0.0499, 0.000288, 0.708, 0.0527, 0.962, 125.01, 435840, 4]
[0.773, 0.696, 5, -6.88, 0, 0.0765, 0.000604, 0.384, 0.0519, 0.961, 125.014, 435840, 4]
[0.768, 0.678, 10, -10.029, 0, 0.0723, 3.93e-05, 0.832, 0.111, 0.228, 124.996, 433065, 4]
[0.599, 0.575, 3, -10.989, 0, 0.0319, 1.2e-05, 0.803, 0.283, 0.88, 123.021, 344847, 4]
[0.859, 0.756, 7, -7.12, 1, 0.124, 0.00393, 0.75, 0.242, 0.307, 115.993, 464570, 4]
[0.809, 0.631, 1, -12.04, 1, 0.045, 0.000342, 0.88, 0.109, 0.13, 122.989, 377130, 4]
[0.799, 0.815, 4, -10.16, 0, 0.0559, 0.00175, 0.844, 0.0487, 0.309, 122.978, 301438, 4]
[0.825, 0.669, 9, -8.483, 0, 0.0946, 0.000888, 0.773, 0.0472, 0.616, 120.012, 335310, 4]
[0.765, 0.866, 0, -7.694, 1, 0.0551, 0.00265, 0.509, 0.185, 0.676, 120.013, 224000, 4]
[0.823, 0.706, 4, -9.738, 0, 0.0575, 0.00127, 0.799, 0.141, 0.633, 121.99, 308000, 4]
[0.754, 0.707, 1, -14.107, 0, 0.0488, 0.0136, 0.808, 0.0649, 0.0491, 123.027, 380584, 4]
[0.704, 0.756, 1, -10.426, 1, 0.0405, 0.127, 0.758, 0.0681, 0.588, 121.009, 398755, 4]
[0.788, 0.751, 6, -11.035, 0, 0.0543, 0.378, 0.836, 0.104, 0.925, 124.017, 309677, 4]
[0.683, 0.886, 2, -12.815, 1, 0.0435, 0.0239, 0.863, 0.0867, 0.228, 122.05, 317726, 4]
[0.375, 0.564, 8, -13.822, 0, 0.0333, 0.44, 0.916, 0.0841, 0.872, 67.721, 350168, 4]
[0.738, 0.705, 2, -11.193, 1, 0.0469, 0.0505, 0.0452, 0.136, 0.466, 117.039, 347274, 4]
[0.597, 0.384, 1, -11.198, 1, 0.0739, 0.0539, 0.88, 0.129, 0.341, 123.023, 309659, 4]
[0.648, 0.768, 9, -15.1, 1, 0.038, 0.000359, 0.718, 0.067, 0.102, 122.968, 351197, 4]
[0.655, 0.709, 2, -11.741, 1, 0.0376, 0.0102, 0.146, 0.191, 0.0757, 123.012, 347096, 4]
[0.724, 0.696, 1, -12.853, 0, 0.0527, 0.000128, 0.759, 0.0822, 0.472, 120.996, 355207, 4]
[0.678, 0.671, 4, -13.865, 0, 0.0557, 0.000713, 0.856, 0.0832, 0.183, 119.972, 391500, 3]
[0.723, 0.623, 10, -11.294, 1, 0.047, 0.0187, 0.906, 0.0962, 0.129, 124.014, 387097, 4]
[0.802, 0.944, 6, -6.114, 0, 0.0633, 0.00721, 0.882, 0.0206, 0.259, 124.99, 430080, 4]
[0.783, 0.733, 9, -9.68, 0, 0.0794, 0.195, 0.886, 0.108, 0.578, 123.019, 374634, 4]
[0.761, 0.669, 7, -4.337, 1, 0.0504, 3.02e-05, 0.687, 0.0613, 0.159, 120.015, 336000, 4]
[0.809, 0.489, 1, -10.892, 1, 0.0471, 0.000463, 0.738, 0.0769, 0.19, 113.012, 324731, 4]
[0.655, 0.977, 2, -4.632, 1, 0.0457, 0.202, 0.475, 0.0995, 0.691, 123.995, 503226, 4]
[0.786, 0.982, 7, -6.59, 1, 0.0732, 0.000619, 0.795, 0.0369, 0.381, 125.018, 294240, 4]
[0.812, 0.948, 1, -5.285, 1, 0.0688, 0.00324, 0.00479, 0.0715, 0.896, 125.019, 294720, 4]
[0.663, 0.877, 1, -6.897, 1, 0.0374, 8.21e-05, 0.775, 0.112, 0.0376, 128.029, 275625, 4]
