0.655, 0.608, 8, -6.471, 1, 0.103, 0.00994, 0.23, 0.109, 0.314, 151.927, 249503, 4
0.763, 0.962, 1, -7.591, 0, 0.0453, 0.000789, 0.885, 0.215, 0.22, 125.01, 195840, 4
0.845, 0.389, 7, -9.961, 0, 0.111, 0.0621, 0.64, 0.132, 0.163, 104.998, 225133, 4
0.796, 0.581, 9, -9.321, 0, 0.246, 0.0978, 0.00283, 0.126, 0.266, 104.964, 225133, 4
0.635, 0.783, 7, -10.569, 1, 0.0541, 0.00312, 0.811, 0.0985, 0.839, 129.989, 296308, 4
0.664, 0.868, 9, -3.145, 1, 0.0423, 0.106, 0.389, 0.0978, 0.139, 127.985, 305493, 4
0.791, 0.993, 10, -3.918, 0, 0.134, 0.00169, 0.525, 0.0238, 0.102, 133.943, 207243, 4
0.881, 0.743, 11, -12.119, 0, 0.233, 0.000991, 0.214, 0.0359, 0.564, 132.993, 299549, 4
0.844, 0.875, 4, -4.997, 1, 0.0543, 0.0267, 0.0934, 0.0292, 0.703, 124.996, 195315, 4
0.791, 0.931, 1, -5.068, 1, 0.0436, 6.32e-05, 0.81, 0.0966, 0.324, 129.995, 240000, 4
0.782, 0.878, 4, -5.872, 1, 0.184, 0.000328, 0.385, 0.0725, 0.652, 134.007, 256119, 4
0.803, 0.512, 8, -14.345, 0, 0.0906, 0.000176, 0.152, 0.0777, 0.519, 130.004, 212312, 4
0.426, 0.662, 7, -11.857, 0, 0.0371, 0.0983, 0.92, 0.0692, 0.0717, 139.974, 495554, 4
0.77, 0.264, 4, -9.875, 1, 0.0818, 0.0479, 0.854, 0.0756, 0.0395, 90.974, 168990, 4
0.796, 0.805, 10, -8.527, 0, 0.069, 0.138, 0.902, 0.0678, 0.0708, 119.993, 167667, 4
0.667, 0.86, 7, -5.614, 0, 0.0397, 0.000838, 0.0484, 0.249, 0.392, 112.024, 214297, 4
0.693, 0.214, 11, -14.437, 1, 0.0334, 0.00776, 0.953, 0.247, 0.355, 113.057, 104397, 4
0.772, 0.559, 1, -12.092, 1, 0.407, 0.00984, 1.01e-06, 0.0761, 0.207, 130.036, 252005, 4
0.453, 0.732, 1, -8.321, 0, 0.0936, 0.0112, 0, 0.0916, 0.286, 169.868, 182304, 4
0.699, 0.913, 7, -5.113, 1, 0.0806, 0.00404, 0.183, 0.0659, 0.769, 133.948, 188274, 4
0.669, 0.885, 8, -3.774, 1, 0.223, 0.0219, 0.689, 0.729, 0.0578, 128.021, 337504, 4
0.787, 0.892, 4, -7.282, 0, 0.0687, 0.165, 0.797, 0.0409, 0.71, 132.003, 410213, 4
0.671, 0.794, 10, -8.115, 0, 0.0371, 0.0251, 0.863, 0.383, 0.547, 139.977, 361215, 4
0.796, 0.815, 11, -6.98, 0, 0.179, 0.0675, 0.532, 0.165, 0.36, 128.025, 244687, 4
0.717, 0.815, 0, -4.993, 1, 0.172, 0.00211, 0.0063, 0.105, 0.728, 128.055, 284902, 4
0.744, 0.857, 3, -5.697, 0, 0.0521, 0.0152, 0.397, 0.0931, 0.709, 127.955, 264004, 4
0.7, 0.495, 10, -7.525, 1, 0.0415, 0.924, 0.913, 0.106, 0.259, 144.017, 181701, 4
0.667, 0.948, 7, -5.006, 1, 0.0419, 0.000798, 0.0301, 0.221, 0.516, 131.985, 316594, 4
0.699, 0.981, 7, -2.796, 1, 0.0426, 0.0159, 0.117, 0.297, 0.134, 127.941, 210000, 4
0.728, 0.918, 6, -5.054, 0, 0.0679, 0.00213, 0.444, 0.703, 0.936, 131.996, 232860, 4
0.747, 0.707, 11, -7.281, 1, 0.0435, 2.07e-05, 0.789, 0.251, 0.535, 113.786, 363375, 4
0.647, 0.86, 9, -5.223, 1, 0.0424, 0.00562, 0.86, 0.369, 0.456, 130.043, 258659, 4
0.795, 0.962, 1, -3.28, 1, 0.0541, 0.0128, 0.427, 0.062, 0.438, 118.012, 227797, 4
0.834, 0.615, 9, -4.811, 1, 0.0727, 0.000777, 0.616, 0.0368, 0.283, 130.011, 256865, 4
0.629, 0.957, 11, -2.887, 1, 0.0478, 0.00249, 0.883, 0.126, 0.604, 137.918, 205793, 4
0.751, 0.679, 1, -6.931, 1, 0.0429, 0.00678, 0.325, 0.225, 0.168, 125.018, 354241, 4
0.62, 0.936, 5, -3.316, 0, 0.0391, 0.00658, 0.911, 0.0369, 0.181, 125.998, 340714, 4
0.657, 0.924, 5, -2.819, 0, 0.0428, 0.0176, 0.229, 0.0367, 0.379, 126.011, 340714, 4
0.608, 0.915, 11, -4.877, 0, 0.0327, 2.75e-05, 0.875, 0.15, 0.135, 125.002, 275560, 4
0.702, 0.879, 5, -4.76, 0, 0.0358, 0.00181, 0.878, 0.379, 0.075, 110.535, 215521, 4
0.634, 0.929, 1, -4.367, 1, 0.0406, 6.09e-05, 0.906, 0.142, 0.189, 138.006, 213646, 4
0.497, 0.888, 10, -5.7, 0, 0.121, 0.000112, 0.857, 0.195, 0.194, 155.05, 199760, 4
0.775, 0.793, 9, -9.839, 0, 0.0745, 0.00737, 0.885, 0.211, 0.744, 136.016, 296192, 4
0.809, 0.857, 6, -10.807, 1, 0.0673, 0.0562, 0.763, 0.331, 0.834, 136.015, 312826, 4
0.8, 0.847, 2, -10.472, 0, 0.0507, 0.00749, 0.913, 0.0856, 0.826, 132.004, 279615, 4
0.694, 0.71, 1, -11.396, 1, 0.0473, 3.67e-05, 0.882, 0.0886, 0.0414, 139.997, 411448, 4
0.52, 0.753, 7, -10.743, 1, 0.0488, 0.0401, 0.857, 0.108, 0.0366, 137.976, 384348, 4
0.755, 0.839, 7, -10.123, 1, 0.0702, 0.000718, 0.857, 0.0882, 0.29, 139.972, 342857, 4
0.705, 0.856, 7, -9.488, 1, 0.0403, 0.000126, 0.894, 0.0724, 0.0983, 139.996, 365143, 4
0.68, 0.961, 8, -7.782, 0, 0.0437, 0.00111, 0.782, 0.107, 0.284, 142.013, 344789, 4
0.656, 0.792, 10, -11.035, 0, 0.0396, 7.29e-05, 0.0716, 0.0388, 0.485, 127.005, 289154, 4
0.639, 0.943, 8, -3.405, 1, 0.0584, 0.0765, 0.624, 0.0732, 0.752, 115.035, 254610, 4
0.612, 0.941, 2, -3.282, 0, 0.045, 0.307, 0.301, 0.215, 0.316, 119.976, 252003, 4
0.673, 0.993, 11, -5.667, 0, 0.0492, 0.00875, 0.893, 0.044, 0.689, 130.002, 296000, 4
0.567, 0.881, 9, -5.761, 0, 0.0338, 0.00621, 0.84, 0.249, 0.588, 123.989, 384507, 4
0.328, 0.707, 1, -9.693, 1, 0.0421, 0.112, 0.886, 0.105, 0.335, 134.155, 191896, 4
0.737, 0.888, 11, -7.679, 1, 0.0423, 0.0211, 0.682, 0.0892, 0.177, 120.005, 360000, 4
0.739, 0.728, 10, -6.845, 0, 0.0596, 0.000191, 0.911, 0.0716, 0.563, 139.975, 252000, 4
0.75, 0.911, 7, -7.369, 1, 0.0602, 0.000583, 0.85, 0.605, 0.155, 127.981, 289994, 4
0.463, 0.908, 2, -8.078, 1, 0.0505, 0.000122, 0.137, 0.329, 0.65, 160.016, 221708, 4
0.709, 0.924, 5, -5.151, 0, 0.11, 0.215, 0.146, 0.0716, 0.587, 95.029, 179368, 4
0.725, 0.937, 7, -7.753, 1, 0.0624, 0.000153, 0.824, 0.103, 0.643, 129.986, 234963, 4
0.704, 0.911, 9, -7.308, 0, 0.0801, 0.0756, 0.0888, 0.325, 0.607, 130.006, 297988, 4
0.71, 0.825, 9, -7.272, 0, 0.0593, 0.00289, 0.888, 0.0753, 0.558, 121.983, 440832, 4
0.718, 0.741, 7, -6.142, 1, 0.0445, 0.00233, 0.691, 0.677, 0.348, 126.002, 395960, 4
0.615, 0.857, 10, -9.124, 0, 0.0452, 0.144, 0.187, 0.0589, 0.806, 129.994, 221772, 4
0.394, 0.564, 10, -8.636, 1, 0.0313, 0.0523, 0.802, 0.0695, 0.0447, 150.987, 210596, 4
0.539, 0.991, 10, -8.708, 0, 0.0517, 2.56e-05, 0.846, 0.136, 0.11, 139.989, 262286, 4
0.754, 0.977, 11, -9.009, 0, 0.0597, 3.94e-05, 0.857, 0.0982, 0.26, 138.007, 252174, 4
0.81, 0.696, 5, -6.61, 0, 0.0438, 0.00211, 0.00272, 0.105, 0.557, 129.977, 236659, 4
0.448, 0.953, 4, -5.842, 0, 0.0558, 0.000373, 0.887, 0.791, 0.127, 140.035, 507482, 4
0.456, 0.961, 11, -7.758, 0, 0.0765, 0.00707, 0.584, 0.229, 0.158, 135.013, 295000, 4
0.595, 0.945, 1, -6.877, 1, 0.0369, 0.000891, 0.879, 0.151, 0.671, 123.996, 241935, 4
0.786, 0.917, 6, -4.495, 0, 0.13, 0.00198, 0.726, 0.0402, 0.423, 134.033, 208162, 4
0.77, 0.974, 6, -4.952, 1, 0.118, 0.000159, 0.138, 0.132, 0.709, 137.998, 281748, 4
[0.58, 0.905, 9, -4.017, 1, 0.101, 0.168, 0.162, 0.513, 0.219, 174.039, 275862, 4]
[0.576, 0.89, 9, -6.948, 1, 0.0389, 0.00248, 0.155, 0.108, 0.526, 135.009, 323556, 4]
[0.461, 0.847, 10, -3.412, 0, 0.0666, 0.0095, 0.625, 0.101, 0.729, 132.886, 269065, 4]
[0.822, 0.715, 11, -3.862, 0, 0.069, 0.00265, 0.731, 0.0644, 0.371, 128.011, 247500, 4]
[0.684, 0.997, 7, -5.343, 1, 0.048, 0.000752, 0.833, 0.404, 0.738, 124.003, 366113, 4]
[0.761, 0.994, 7, -2.853, 1, 0.0454, 0.0224, 0.921, 0.684, 0.726, 124.997, 345600, 4]
[0.346, 0.923, 5, -7.602, 0, 0.0996, 0.0364, 0.813, 0.125, 0.27, 170.012, 296092, 4]
[0.886, 0.458, 5, -6.7, 0, 0.054, 0.12, 0.807, 0.0896, 0.689, 105.039, 187649, 4]
[0.7, 0.996, 11, -4.483, 0, 0.0878, 0.000222, 0.696, 0.257, 0.935, 154.987, 250839, 4]
[0.83, 0.655, 2, -5.405, 1, 0.0966, 0.000105, 0.833, 0.0961, 0.768, 129.977, 221543, 4]
[0.781, 0.701, 8, -4.539, 1, 0.0685, 0.000313, 0.885, 0.659, 0.704, 130.014, 254856, 4]
[0.789, 0.935, 0, -0.906, 0, 0.0587, 0.00378, 0.703, 0.347, 0.529, 129.968, 254428, 4]
[0.783, 0.831, 1, -3.186, 0, 0.0791, 6.16e-05, 0.822, 0.662, 0.224, 134.983, 227778, 4]
[0.728, 0.988, 1, -3.402, 0, 0.0513, 0.000715, 0.903, 0.0776, 0.292, 137.962, 205788, 4]
[0.663, 0.992, 2, -3.195, 1, 0.0895, 0.000545, 0.95, 0.127, 0.0466, 138.031, 205793, 4]
[0.677, 0.945, 9, -3.173, 1, 0.0545, 0.00486, 0.372, 0.126, 0.21, 137.961, 205793, 4]
[0.915, 0.604, 1, -6.25, 0, 0.292, 0.000246, 0.182, 0.641, 0.431, 137.988, 201771, 4]
[0.612, 0.929, 2, -3.759, 0, 0.0396, 0.144, 0.875, 0.0718, 0.744, 139.964, 200750, 4]
[0.72, 0.924, 11, -4.39, 0, 0.048, 0.000182, 0.796, 0.0455, 0.514, 140.0, 286406, 4]
[0.753, 0.695, 11, -5.709, 1, 0.0817, 0.00348, 0.861, 0.159, 0.333, 139.989, 330009, 4]
[0.578, 0.82, 11, -5.571, 0, 0.28, 0.000156, 0.405, 0.666, 0.411, 138.074, 206884, 4]
[0.688, 0.876, 11, -5.661, 0, 0.0777, 0.00147, 0.857, 0.0688, 0.173, 139.978, 233000, 4]
[0.757, 0.972, 5, -3.678, 0, 0.0543, 0.000216, 0.953, 0.0783, 0.398, 137.942, 205788, 4]
[0.772, 0.979, 1, -2.962, 1, 0.0932, 0.00563, 0.769, 0.127, 0.874, 137.99, 205793, 4]
[0.749, 0.991, 1, -3.6, 1, 0.102, 0.00532, 0.83, 0.127, 0.234, 137.986, 205793, 4]
[0.843, 0.973, 1, -2.422, 1, 0.126, 0.000158, 0.843, 0.114, 0.35, 140.014, 288018, 4]
[0.765, 0.768, 1, -6.684, 1, 0.143, 0.00259, 0.000138, 0.091, 0.58, 134.984, 238412, 4]
[0.553, 0.837, 0, -4.769, 1, 0.0418, 0.000555, 0.88, 0.644, 0.787, 133.99, 243895, 4]
[0.73, 0.948, 6, -5.756, 0, 0.0416, 0.0192, 0.444, 0.462, 0.87, 134.007, 206884, 4]
[0.756, 0.828, 6, -6.697, 1, 0.132, 0.000326, 0.748, 0.46, 0.692, 135.042, 227560, 4]
[0.758, 0.939, 11, -3.899, 0, 0.0659, 0.000611, 0.552, 0.424, 0.404, 131.965, 216378, 4]
[0.722, 0.963, 8, -0.537, 1, 0.0417, 0.00523, 0.366, 0.264, 0.586, 130.03, 243899, 4]
[0.771, 0.882, 8, -2.094, 1, 0.109, 0.0127, 0.635, 0.0549, 0.495, 129.999, 243808, 4]
[0.799, 0.819, 1, -3.376, 1, 0.0627, 0.000116, 0.904, 0.131, 0.205, 130.005, 243736, 4]
[0.755, 0.797, 8, -6.798, 0, 0.0911, 0.0124, 0.87, 0.415, 0.938, 127.969, 348760, 4]
[0.761, 0.932, 9, -2.114, 0, 0.092, 0.000814, 0.412, 0.0308, 0.735, 134.985, 288019, 4]
[0.823, 0.828, 6, -5.84, 1, 0.289, 0.0781, 0.234, 0.0915, 0.234, 129.944, 245577, 4]
[0.712, 0.982, 1, -5.138, 1, 0.0413, 0.195, 0.875, 0.0617, 0.88, 132.045, 243655, 4]
[0.734, 0.845, 9, -7.127, 1, 0.0389, 0.0813, 0.476, 0.144, 0.225, 130.01, 251077, 4]
[0.651, 0.768, 1, -5.002, 1, 0.0551, 3.48e-05, 0.0179, 0.415, 0.361, 135.016, 227560, 4]
[0.753, 0.841, 1, -3.1, 1, 0.0705, 0.00678, 0.798, 0.322, 0.61, 135.99, 211962, 4]
[0.764, 0.649, 0, -5.356, 1, 0.112, 0.105, 0.0738, 0.22, 0.682, 135.152, 213389, 4]
[0.576, 0.96, 6, 0.359, 0, 0.4, 0.00303, 0.899, 0.036, 0.403, 178.287, 235466, 5]
[0.694, 0.961, 1, -5.306, 1, 0.046, 3.08e-05, 0.947, 0.538, 0.639, 135.019, 227560, 4]
[0.801, 0.823, 4, -5.165, 0, 0.122, 0.000562, 0.808, 0.656, 0.776, 135.051, 227560, 4]
[0.704, 0.837, 2, -4.274, 1, 0.0401, 0.00855, 0.545, 0.509, 0.728, 135.012, 241782, 4]
[0.666, 0.878, 4, -4.005, 1, 0.0655, 0.000273, 0.86, 0.115, 0.334, 134.99, 235259, 4]
[0.818, 0.862, 1, -1.992, 1, 0.067, 5.75e-05, 0.858, 0.669, 0.298, 130.042, 245529, 4]
[0.877, 0.816, 11, -2.349, 0, 0.127, 0.000198, 0.191, 0.107, 0.288, 133.95, 242519, 4]
[0.859, 0.898, 6, -2.616, 0, 0.0889, 0.000772, 0.425, 0.186, 0.276, 130.007, 249058, 4]
[0.833, 0.926, 11, -1.141, 1, 0.115, 0.00294, 0.644, 0.0693, 0.222, 130.098, 240024, 4]
[0.44, 0.944, 11, -1.438, 0, 0.0969, 0.000209, 0.724, 0.0514, 0.282, 133.861, 238703, 4]
[0.765, 0.906, 5, -4.031, 0, 0.0745, 0.00636, 0.614, 0.291, 0.849, 130.011, 302788, 4]
[0.723, 0.984, 4, -1.587, 0, 0.127, 0.0654, 0.343, 0.046, 0.779, 129.934, 308317, 4]
[0.601, 0.948, 9, -4.429, 1, 0.0677, 0.000364, 0.801, 0.0823, 0.459, 139.976, 205884, 4]
[0.744, 0.871, 11, -5.027, 0, 0.0528, 5.63e-05, 0.764, 0.0924, 0.248, 138.057, 204239, 4]
[0.779, 0.866, 9, -4.684, 1, 0.145, 0.000746, 0.881, 0.106, 0.431, 139.96, 391446, 4]
[0.716, 0.872, 8, -6.167, 1, 0.0474, 0.00069, 0.848, 0.0686, 0.0846, 140.046, 233000, 4]
[0.634, 0.98, 1, -3.94, 1, 0.0444, 0.000119, 0.766, 0.0715, 0.628, 140.018, 195451, 4]
[0.868, 0.936, 0, -3.985, 1, 0.107, 0.000738, 0.821, 0.795, 0.349, 140.042, 411442, 4]
[0.75, 0.969, 1, -3.438, 1, 0.0637, 0.0028, 0.852, 0.127, 0.439, 137.99, 205793, 4]
[0.764, 0.936, 11, -3.555, 1, 0.0525, 0.000914, 0.851, 0.0577, 0.44, 137.972, 205793, 4]
[0.729, 0.963, 8, -3.216, 0, 0.0635, 0.00256, 0.249, 0.126, 0.68, 137.999, 205793, 4]
[0.655, 0.926, 11, -3.002, 0, 0.0453, 0.00171, 0.795, 0.127, 0.702, 138.038, 205793, 4]
[0.414, 0.993, 11, -3.762, 0, 0.0553, 0.0258, 0.958, 0.205, 0.574, 139.999, 205719, 4]
[0.7, 0.934, 11, -6.275, 1, 0.0467, 0.00556, 0.678, 0.679, 0.558, 134.03, 242691, 4]
[0.724, 0.976, 11, -5.412, 0, 0.0587, 0.00765, 0.835, 0.0787, 0.862, 136.028, 229995, 4]
[0.747, 0.87, 10, -5.144, 0, 0.0527, 0.00124, 0.712, 0.205, 0.286, 133.989, 236819, 4]
[0.745, 0.881, 0, -2.673, 0, 0.0473, 0.00515, 0.461, 0.137, 0.603, 126.045, 190481, 4]
[0.676, 0.904, 6, -5.464, 1, 0.106, 0.0259, 1.37e-05, 0.513, 0.583, 135.016, 227560, 4]
[0.759, 0.996, 0, -5.069, 1, 0.0639, 0.196, 0.789, 0.484, 0.914, 128.014, 247544, 4]
[0.682, 0.916, 10, -6.282, 0, 0.0483, 0.0225, 0.896, 0.798, 0.652, 133.996, 254342, 4]
[0.949, 0.927, 11, -1.312, 0, 0.304, 0.0242, 0.815, 0.0843, 0.351, 132.011, 247500, 4]
[0.699, 0.985, 1, -0.257, 1, 0.0506, 0.116, 0.00704, 0.0602, 0.56, 130.012, 243697, 4]
[0.668, 0.9, 1, -0.435, 1, 0.296, 0.000257, 0.144, 0.048, 0.785, 135.024, 234236, 4]
[0.635, 0.865, 11, -3.218, 0, 0.0548, 0.00688, 0.0464, 0.0491, 0.558, 140.01, 221750, 4]
[0.799, 0.983, 8, -3.612, 0, 0.071, 0.00223, 0.192, 0.102, 0.549, 131.985, 290928, 4]
[0.811, 0.94, 11, -3.752, 0, 0.0407, 0.0267, 0.839, 0.145, 0.557, 128.036, 247979, 4]
[0.66, 0.995, 6, -3.86, 1, 0.0541, 1.32e-05, 0.861, 0.0477, 0.844, 125.988, 189563, 4]
[0.675, 0.669, 11, -5.267, 1, 0.0699, 0.00208, 0.807, 0.235, 0.542, 134.991, 227560, 4]
[0.853, 0.91, 5, -3.853, 0, 0.153, 0.00168, 0.147, 0.575, 0.677, 132.047, 247277, 4]
[0.631, 0.989, 6, -0.43, 1, 0.196, 0.000344, 0.821, 0.676, 0.244, 129.985, 244582, 4]
[0.726, 0.971, 7, -1.454, 1, 0.0685, 0.002, 0.618, 0.542, 0.348, 134.996, 245343, 4]
[0.704, 0.977, 11, -3.662, 1, 0.0956, 0.000257, 0.877, 0.15, 0.381, 138.024, 205788, 4]
[0.615, 0.995, 0, -3.093, 1, 0.0554, 0.00613, 0.959, 0.0516, 0.911, 137.964, 201816, 4]
[0.669, 0.958, 2, -3.233, 1, 0.0521, 9.53e-05, 0.824, 0.127, 0.334, 138.045, 205793, 4]
[0.709, 0.973, 11, -2.844, 0, 0.042, 0.00286, 0.346, 0.626, 0.556, 137.984, 202817, 4]
[0.69, 0.758, 11, -6.338, 1, 0.0651, 0.0105, 0.815, 0.151, 0.438, 140.017, 280402, 4]
[0.686, 0.97, 10, -2.839, 0, 0.0547, 9.32e-05, 0.795, 0.671, 0.647, 139.944, 201683, 4]
[0.756, 0.924, 1, -3.502, 0, 0.0419, 0.00028, 0.869, 0.129, 0.141, 137.981, 205788, 4]
[0.746, 0.919, 11, -3.342, 1, 0.137, 0.024, 0.284, 0.126, 0.676, 137.968, 205793, 4]
[0.629, 0.957, 11, -2.887, 1, 0.0478, 0.00249, 0.883, 0.126, 0.604, 137.918, 205793, 4]
[0.676, 0.97, 2, -3.031, 1, 0.0852, 0.000884, 0.856, 0.061, 0.377, 138.01, 205924, 4]
