0.731, 0.955, 1, -2.776, 1, 0.111, 0.00226, 0.0629, 0.561, 0.119, 128.09, 187520, 4
0.618, 0.896, 4, -5.833, 0, 0.0367, 0.000348, 0.667, 0.55, 0.038, 130.011, 168473, 4
0.776, 0.457, 2, -8.452, 1, 0.0865, 0.000423, 0.896, 0.0726, 0.116, 135.004, 359111, 4
0.705, 0.808, 7, -5.782, 1, 0.0326, 0.00158, 0.857, 0.327, 0.14, 124.013, 191611, 4
0.598, 0.849, 11, -4.823, 0, 0.0424, 0.000539, 0.254, 0.0358, 0.321, 128.008, 288750, 4
0.78, 0.957, 4, -2.78, 0, 0.0572, 0.00284, 0.834, 0.155, 0.54, 125.003, 293760, 4
0.803, 0.95, 1, -4.531, 1, 0.047, 0.000215, 0.891, 0.0518, 0.745, 124.0, 298064, 4
0.757, 0.832, 7, -5.923, 1, 0.0468, 0.00118, 0.199, 0.0448, 0.433, 124.983, 249600, 4
0.728, 0.949, 1, -4.684, 1, 0.0391, 3.74e-05, 0.883, 0.0119, 0.406, 123.999, 296129, 4
0.794, 0.815, 1, -7.352, 0, 0.103, 0.00819, 0.792, 0.025, 0.736, 125.007, 295680, 4
0.782, 0.812, 6, -6.126, 0, 0.0493, 0.0101, 0.458, 0.159, 0.889, 126.005, 293333, 4
0.808, 0.853, 9, -5.286, 1, 0.0353, 5.94e-05, 0.925, 0.0405, 0.167, 124.009, 282581, 4
0.793, 0.789, 1, -5.479, 0, 0.0487, 0.00748, 0.298, 0.0301, 0.948, 125.003, 280320, 4
0.727, 0.882, 1, -5.602, 1, 0.0626, 0.000401, 0.467, 0.0322, 0.674, 124.994, 234240, 4
0.809, 0.88, 2, -4.124, 1, 0.0776, 0.0022, 0.65, 0.0315, 0.524, 125.005, 264960, 4
0.72, 0.801, 7, -6.132, 0, 0.053, 0.000249, 0.842, 0.0364, 0.259, 125.014, 280320, 4
0.737, 0.928, 10, -5.217, 1, 0.0505, 0.000467, 0.901, 0.0714, 0.361, 124.98, 295680, 4
0.676, 0.873, 11, -5.991, 1, 0.0434, 0.000196, 0.822, 0.0202, 0.675, 124.996, 278400, 4
0.681, 0.817, 3, -3.911, 1, 0.0436, 0.00173, 0.0876, 0.0296, 0.732, 124.987, 247680, 4
0.66, 0.955, 9, -4.542, 1, 0.0414, 0.000478, 0.751, 0.119, 0.33, 124.973, 284160, 4
0.782, 0.812, 6, -6.126, 0, 0.0493, 0.0101, 0.458, 0.159, 0.889, 126.005, 293333, 4
0.78, 0.957, 4, -2.78, 0, 0.0572, 0.00284, 0.834, 0.155, 0.54, 125.003, 293760, 4
0.758, 0.684, 10, -4.912, 0, 0.202, 0.607, 0.0406, 0.186, 0.395, 200.0, 199456, 4
0.524, 0.865, 7, -5.272, 0, 0.425, 0.0257, 0.753, 0.302, 0.412, 125.08, 211200, 4
0.587, 0.838, 6, -3.029, 1, 0.0957, 0.00146, 0.206, 0.239, 0.506, 125.0, 268800, 4
0.518, 0.958, 9, -5.921, 0, 0.107, 0.0365, 0.428, 0.394, 0.299, 129.965, 179236, 4
0.833, 0.806, 1, -6.392, 0, 0.0426, 0.0046, 0.722, 0.402, 0.391, 129.985, 251077, 4
0.525, 0.986, 5, -5.753, 0, 0.0546, 0.000964, 0.949, 0.426, 0.313, 138.037, 168696, 4
0.736, 0.667, 8, -6.749, 1, 0.0355, 0.0636, 0.653, 0.103, 0.265, 125.98, 209977, 4
0.629, 0.764, 8, -6.747, 1, 0.0552, 0.384, 0.679, 0.688, 0.488, 126.076, 150672, 4
0.737, 0.805, 8, -7.765, 1, 0.0685, 0.00296, 0.402, 0.101, 0.104, 124.046, 154587, 4
0.653, 0.6, 9, -6.42, 0, 0.039, 0.000568, 0.000959, 0.0508, 0.255, 128.032, 218999, 4
0.589, 0.948, 2, -3.74, 0, 0.048, 0.00315, 0.2, 0.118, 0.118, 127.017, 164461, 4
0.522, 0.879, 2, -3.176, 1, 0.0967, 0.0012, 0.197, 0.199, 0.276, 127.97, 176280, 4
0.756, 0.898, 8, -4.714, 0, 0.0396, 0.149, 0.0501, 0.0863, 0.247, 127.98, 180386, 4
0.642, 0.873, 9, -5.753, 0, 0.269, 0.0237, 8.57e-05, 0.366, 0.127, 126.086, 172951, 4
0.665, 0.879, 4, -4.314, 0, 0.0517, 0.0157, 0.882, 0.0672, 0.37, 131.994, 171278, 4
0.582, 0.927, 6, -4.492, 0, 0.0793, 0.000639, 0.611, 0.191, 0.515, 129.959, 201683, 4
0.744, 0.825, 1, -6.045, 0, 0.0836, 0.00612, 0.000141, 0.281, 0.704, 126.999, 246093, 4
0.713, 0.955, 1, -5.573, 1, 0.0498, 0.0927, 0.338, 0.105, 0.0305, 126.001, 262619, 4
0.819, 0.658, 2, -7.747, 1, 0.0561, 0.00282, 0.856, 0.106, 0.195, 125.005, 251520, 4
0.666, 0.92, 6, -5.57, 0, 0.0439, 0.0107, 0.636, 0.353, 0.0609, 125.012, 267375, 4
0.733, 0.808, 8, -5.728, 0, 0.0621, 0.00131, 0.0244, 0.0691, 0.814, 126.992, 289685, 4
0.839, 0.828, 0, -6.795, 1, 0.0588, 0.0053, 0.118, 0.0852, 0.665, 126.056, 144762, 4
0.868, 0.902, 0, -6.191, 1, 0.0547, 0.0359, 0.0073, 0.118, 0.433, 125.996, 95238, 4
0.707, 0.949, 4, -5.341, 1, 0.0595, 0.00204, 0.709, 0.0662, 0.304, 125.991, 209663, 4
0.591, 0.91, 10, -5.975, 0, 0.0548, 7.9e-05, 0.472, 0.354, 0.262, 128.015, 211984, 4
0.772, 0.939, 1, -1.283, 1, 0.048, 0.00034, 0.8, 0.0277, 0.515, 125.022, 188160, 4
0.654, 0.807, 8, -7.241, 1, 0.0305, 0.000377, 0.529, 0.0742, 0.144, 125.042, 164187, 4
0.607, 0.93, 0, -5.568, 1, 0.0431, 0.126, 0.918, 0.175, 0.177, 125.047, 161280, 4
0.685, 0.866, 4, -6.301, 0, 0.0513, 0.0189, 0.0111, 0.187, 0.0419, 126.0, 224000, 4
0.644, 0.912, 4, -3.807, 0, 0.0456, 0.00133, 0.129, 0.319, 0.275, 125.975, 158000, 4
0.646, 0.899, 5, -3.751, 0, 0.0935, 0.0209, 0.0073, 0.428, 0.615, 125.991, 180000, 4
0.701, 0.904, 6, -6.721, 1, 0.198, 0.0161, 5.37e-06, 0.657, 0.372, 123.856, 176000, 4
0.664, 0.798, 4, -5.366, 1, 0.352, 0.0584, 0.00469, 0.139, 0.253, 124.943, 162000, 4
0.78, 0.809, 11, -6.181, 0, 0.048, 0.00308, 0.323, 0.154, 0.462, 125.007, 194000, 4
0.629, 0.865, 9, -6.697, 1, 0.0505, 0.000208, 0.83, 0.287, 0.187, 124.998, 162288, 4
0.703, 0.928, 7, -4.951, 0, 0.0421, 8.74e-05, 0.0781, 0.246, 0.318, 125.041, 161769, 4
0.766, 0.876, 8, -4.798, 1, 0.121, 0.0103, 0.184, 0.106, 0.239, 122.005, 148000, 4
0.632, 0.958, 5, -3.953, 0, 0.0512, 0.0101, 0.894, 0.168, 0.175, 132.03, 152997, 4
0.689, 0.99, 5, -3.867, 0, 0.129, 0.0044, 0.668, 0.0989, 0.277, 132.057, 211098, 4
0.693, 0.823, 2, -11.681, 1, 0.0389, 0.00191, 0.658, 0.186, 0.21, 110.017, 189818, 4
0.713, 0.909, 0, -5.449, 1, 0.154, 0.000316, 0.594, 0.0464, 0.0671, 128.018, 232544, 4
0.633, 0.931, 5, -4.654, 1, 0.196, 0.00309, 0.000122, 0.379, 0.188, 127.973, 162014, 4
0.747, 0.862, 0, -4.979, 1, 0.228, 0.00231, 0.00176, 0.0461, 0.152, 128.013, 232544, 4
0.571, 0.864, 7, -6.314, 1, 0.0393, 0.000746, 0.676, 0.311, 0.0366, 139.016, 338417, 4
0.591, 0.839, 2, -6.432, 1, 0.037, 0.000759, 0.863, 0.285, 0.0358, 139.031, 338417, 4
0.582, 0.933, 2, -5.957, 1, 0.0374, 0.000187, 0.622, 0.418, 0.0373, 139.034, 165755, 4
0.729, 0.909, 11, -4.648, 0, 0.0455, 0.000116, 0.719, 0.0218, 0.281, 130.015, 188428, 4
0.662, 0.931, 1, -4.852, 1, 0.0445, 0.000114, 0.776, 0.064, 0.239, 130.012, 129346, 4
0.699, 0.934, 0, -7.097, 1, 0.0618, 0.00174, 0.689, 0.773, 0.363, 126.988, 211500, 4
0.67, 0.905, 0, -3.994, 0, 0.048, 0.0683, 0.875, 0.253, 0.204, 127.947, 191250, 4
0.836, 0.695, 11, -6.834, 0, 0.0421, 0.00791, 0.417, 0.243, 0.184, 134.029, 200597, 4
0.841, 0.911, 10, -3.52, 0, 0.197, 0.0835, 0.309, 0.651, 0.623, 127.974, 225000, 4
0.78, 0.957, 4, -2.78, 0, 0.0572, 0.00284, 0.834, 0.155, 0.54, 125.003, 293760, 4
0.664, 0.913, 2, -5.236, 1, 0.0479, 0.000315, 0.839, 0.0705, 0.48, 126.009, 262857, 4
0.807, 0.821, 10, -4.949, 1, 0.181, 0.00026, 0.238, 0.0258, 0.676, 123.952, 255484, 4
0.68, 0.851, 7, -5.129, 1, 0.0627, 0.0233, 0.354, 0.0453, 0.51, 128.01, 286875, 4
0.783, 0.856, 11, -4.347, 0, 0.0635, 0.00106, 0.871, 0.0316, 0.452, 124.998, 264960, 4
0.679, 0.867, 9, -6.168, 0, 0.0485, 0.0195, 0.267, 0.0409, 0.867, 124.987, 293760, 4
0.801, 0.744, 1, -4.631, 1, 0.0475, 0.00448, 0.117, 0.0443, 0.544, 124.999, 263040, 4
0.782, 0.816, 6, -5.847, 0, 0.0443, 0.00259, 0.811, 0.0297, 0.817, 125.006, 280320, 4
0.8, 0.901, 0, -3.912, 1, 0.0631, 0.000751, 0.818, 0.0156, 0.629, 125.009, 234240, 4
0.659, 0.879, 0, -4.297, 1, 0.0547, 0.000212, 0.485, 0.0594, 0.267, 129.971, 269538, 4
[0.672, 0.867, 8, -5.854, 1, 0.12, 0.131, 0.0836, 0.0897, 0.107, 126.047, 163810, 4]
[0.669, 0.729, 4, -6.839, 0, 0.0585, 0.0596, 6.91e-05, 0.349, 0.278, 124.897, 165120, 4]
[0.801, 0.838, 10, -6.795, 1, 0.0675, 0.0001, 0.887, 0.108, 0.348, 123.99, 212903, 4]
[0.771, 0.923, 0, -6.205, 0, 0.0677, 0.00763, 0.702, 0.342, 0.391, 123.963, 120000, 4]
[0.743, 0.86, 7, -9.069, 1, 0.0696, 0.0238, 0.423, 0.0469, 0.0633, 125.978, 245714, 4]
[0.701, 0.885, 7, -8.862, 0, 0.0682, 0.0442, 0.207, 0.0721, 0.0604, 125.948, 184643, 4]
[0.781, 0.681, 10, -7.733, 0, 0.131, 0.0643, 0.00107, 0.151, 0.66, 123.898, 175201, 4]
[0.687, 0.836, 6, -7.051, 0, 0.045, 0.00259, 0.0322, 0.101, 0.462, 122.021, 196721, 4]
[0.51, 0.942, 7, -7.923, 0, 0.0378, 0.0164, 0.896, 0.1, 0.717, 170.014, 168154, 4]
[0.611, 0.887, 9, -6.136, 1, 0.0452, 0.00338, 0.0596, 0.62, 0.464, 124.939, 206400, 4]
[0.768, 0.936, 4, -3.897, 0, 0.159, 0.0047, 0.19, 0.218, 0.349, 128.005, 200625, 4]
[0.455, 0.933, 11, -6.065, 0, 0.08, 0.00012, 0.103, 0.0667, 0.268, 129.994, 171692, 4]
[0.522, 0.879, 2, -3.176, 1, 0.0967, 0.0012, 0.197, 0.199, 0.276, 127.97, 176280, 4]
[0.634, 0.798, 11, -6.844, 0, 0.0338, 0.00657, 0.68, 0.0919, 0.22, 128.01, 183755, 4]
[0.705, 0.812, 4, -5.429, 0, 0.0412, 0.467, 0.00206, 0.13, 0.277, 125.934, 149490, 4]
[0.756, 0.898, 8, -4.714, 0, 0.0396, 0.149, 0.0501, 0.0863, 0.247, 127.98, 180386, 4]
[0.589, 0.948, 2, -3.74, 0, 0.048, 0.00315, 0.2, 0.118, 0.118, 127.017, 164461, 4]
[0.714, 0.706, 9, -9.697, 0, 0.0474, 0.0507, 0.611, 0.533, 0.061, 124.007, 220645, 4]
[0.687, 0.836, 6, -7.051, 0, 0.045, 0.00259, 0.0322, 0.101, 0.462, 122.021, 196721, 4]
[0.71, 0.848, 9, -6.973, 0, 0.0398, 0.0118, 0.000597, 0.102, 0.573, 124.014, 216774, 4]
[0.739, 0.582, 9, -10.117, 0, 0.0465, 0.175, 0.413, 0.113, 0.237, 124.991, 199680, 4]
[0.582, 0.922, 7, -6.879, 0, 0.0375, 0.000324, 0.608, 0.0791, 0.399, 124.978, 207360, 4]
[0.561, 0.757, 9, -7.359, 0, 0.0297, 0.0042, 0.832, 0.199, 0.0504, 127.992, 254999, 4]
[0.794, 0.973, 7, -5.632, 1, 0.0533, 0.00814, 0.404, 0.0882, 0.578, 124.031, 216774, 4]
[0.694, 0.856, 4, -3.313, 0, 0.0308, 0.00744, 0, 0.178, 0.143, 124.994, 258060, 4]
[0.801, 0.39, 0, -10.202, 1, 0.112, 0.0197, 0.87, 0.0801, 0.454, 128.01, 395625, 4]
[0.743, 0.86, 5, -3.291, 1, 0.0691, 0.0137, 0.403, 0.0755, 0.48, 126.014, 247659, 4]
[0.609, 0.755, 4, -9.08, 0, 0.0366, 0.00408, 0.866, 0.0482, 0.516, 127.994, 232542, 4]
[0.714, 0.802, 9, -7.101, 1, 0.0583, 0.00266, 0.81, 0.0826, 0.376, 124.986, 163205, 4]
[0.7, 0.626, 2, -9.088, 1, 0.046, 0.00142, 0.467, 0.0693, 0.577, 127.021, 211654, 4]
[0.629, 0.81, 5, -8.009, 0, 0.0344, 0.00824, 0.0234, 0.0782, 0.355, 123.988, 270459, 4]
[0.708, 0.925, 7, -4.335, 1, 0.106, 0.00165, 0.23, 0.0501, 0.351, 128.047, 223159, 4]
[0.709, 0.951, 7, -4.894, 1, 0.211, 0.00919, 0.0633, 0.0749, 0.404, 125.984, 254779, 4]
[0.774, 0.745, 11, -12.804, 0, 0.151, 0.0112, 0.951, 0.0928, 0.689, 130.017, 254332, 4]
[0.522, 0.921, 9, -5.004, 0, 0.0721, 0.00561, 0.284, 0.398, 0.22, 127.996, 232464, 4]
[0.803, 0.773, 11, -6.965, 1, 0.0655, 0.0015, 0.297, 0.161, 0.702, 128.032, 210317, 4]
[0.559, 0.806, 7, -5.598, 1, 0.046, 5.48e-05, 0.0843, 0.066, 0.273, 128.008, 183786, 4]
[0.891, 0.916, 7, -6.815, 1, 0.55, 0.0145, 0.00215, 0.338, 0.881, 127.952, 330109, 4]
[0.533, 0.853, 2, -7.445, 0, 0.0269, 0.00125, 0.878, 0.134, 0.564, 130.009, 222000, 4]
[0.765, 0.823, 0, -7.344, 1, 0.0503, 0.000113, 0.933, 0.0505, 0.83, 126.003, 358571, 4]
[0.614, 0.902, 2, -3.756, 1, 0.0407, 0.00117, 0.61, 0.391, 0.106, 129.943, 186486, 4]
[0.72, 0.777, 2, -5.436, 1, 0.0418, 0.0921, 0.215, 0.26, 0.0713, 128.063, 154459, 4]
[0.741, 0.874, 11, -4.895, 0, 0.0795, 0.000286, 0.928, 0.651, 0.26, 127.944, 255869, 4]
[0.786, 0.879, 5, -7.367, 0, 0.0801, 0.00313, 0.718, 0.435, 0.482, 129.976, 364991, 4]
[0.482, 0.834, 8, -9.425, 1, 0.106, 0.00611, 0.7, 0.0754, 0.314, 128.058, 172622, 4]
[0.662, 0.774, 1, -11.806, 0, 0.062, 0.0017, 0.939, 0.12, 0.0858, 191.999, 78095, 3]
[0.664, 0.648, 1, -6.557, 1, 0.153, 0.0378, 0.00116, 0.389, 0.382, 127.874, 221265, 4]
[0.35, 0.506, 5, -11.68, 0, 0.0761, 0.313, 0.783, 0.322, 0.112, 149.882, 193600, 4]
[0.491, 0.716, 8, -4.312, 1, 0.0335, 0.36, 6.7e-05, 0.269, 0.158, 128.008, 196973, 4]
[0.607, 0.895, 11, -4.974, 0, 0.0507, 0.149, 0.00104, 0.239, 0.242, 120.019, 205500, 4]
[0.689, 0.981, 2, -3.614, 1, 0.0601, 0.0012, 0.848, 0.16, 0.219, 128.039, 269869, 4]
[0.75, 0.563, 11, -6.511, 0, 0.0404, 0.00347, 0.0119, 0.224, 0.887, 123.981, 298815, 4]
[0.657, 0.857, 6, -6.38, 0, 0.0688, 0.0809, 0.141, 0.22, 0.0795, 103.457, 243491, 3]
[0.663, 0.581, 11, -7.915, 0, 0.0484, 0.0658, 0.139, 0.111, 0.267, 115.03, 234739, 4]
[0.732, 0.747, 1, -5.697, 1, 0.0833, 0.366, 0.233, 0.0794, 0.341, 116.004, 265000, 4]
[0.709, 0.938, 7, -4.277, 0, 0.0808, 0.208, 0.82, 0.195, 0.04, 125.067, 306132, 4]
[0.724, 0.902, 1, -5.681, 1, 0.056, 0.0196, 0.683, 0.675, 0.541, 123.013, 245000, 4]
[0.859, 0.562, 6, -8.011, 0, 0.0362, 0.142, 0.111, 0.113, 0.294, 127.979, 169687, 4]
[0.482, 0.547, 0, -8.738, 1, 0.0512, 0.0185, 0.0917, 0.0982, 0.417, 109.943, 248727, 4]
[0.709, 0.863, 9, -5.534, 0, 0.0461, 0.0167, 0.107, 0.0311, 0.653, 121.998, 260029, 4]
[0.664, 0.973, 9, -4.97, 1, 0.135, 0.00233, 6.63e-05, 0.0804, 0.131, 139.987, 185143, 4]
[0.729, 0.617, 7, -7.698, 1, 0.0584, 0.000162, 0.729, 0.091, 0.803, 127.993, 309375, 4]
[0.651, 0.786, 3, -5.664, 0, 0.0374, 0.00016, 0.864, 0.0833, 0.516, 127.99, 231562, 4]
[0.735, 0.765, 5, -6.863, 0, 0.209, 0.02, 0.00771, 0.403, 0.361, 127.997, 253125, 4]
[0.827, 0.76, 5, -4.421, 1, 0.0767, 0.0168, 0.501, 0.0837, 0.349, 127.997, 240091, 4]
[0.595, 0.695, 4, -6.008, 0, 0.0667, 0.0015, 1.22e-05, 0.668, 0.0663, 111.955, 173000, 4]
[0.711, 0.837, 9, -4.695, 0, 0.0396, 0.0113, 0.000866, 0.179, 0.436, 125.948, 158095, 4]
[0.817, 0.422, 0, -7.849, 0, 0.112, 0.1, 1.12e-05, 0.118, 0.668, 123.987, 158518, 4]
[0.736, 0.87, 1, -6.048, 0, 0.043, 0.00634, 0.0676, 0.135, 0.351, 128.021, 180000, 4]
[0.722, 0.953, 9, -4.405, 0, 0.0793, 0.0751, 0.129, 0.475, 0.336, 125.906, 175238, 4]
[0.591, 0.897, 4, -5.078, 1, 0.0516, 0.0188, 0.0457, 0.254, 0.161, 127.951, 178140, 4]
[0.744, 0.885, 11, -5.848, 0, 0.0505, 0.0112, 0.013, 0.0378, 0.421, 128.023, 280430, 4]
[0.482, 0.832, 10, -4.893, 1, 0.0593, 0.0158, 0.0134, 0.0598, 0.539, 123.806, 225484, 4]
[0.495, 0.929, 1, -4.829, 1, 0.101, 0.0487, 0.0343, 0.0943, 0.27, 195.145, 260308, 3]
[0.489, 0.887, 1, -5.098, 1, 0.116, 0.17, 0.0162, 0.0692, 0.219, 195.011, 203077, 3]
[0.801, 0.946, 10, -6.317, 0, 0.0398, 0.000179, 0.573, 0.0741, 0.38, 128.019, 258078, 4]
[0.791, 0.876, 1, -6.092, 1, 0.0864, 0.00705, 0.578, 0.101, 0.42, 128.031, 228101, 4]
[0.652, 0.927, 10, -5.723, 1, 0.0506, 5.56e-05, 0.649, 0.0758, 0.219, 127.984, 274346, 4]
[0.973, 0.628, 0, -6.152, 1, 0.267, 0.0177, 0.849, 0.151, 0.351, 127.991, 301875, 4]
[0.796, 0.85, 1, -5.28, 1, 0.0547, 0.01, 0.882, 0.0924, 0.127, 122.997, 344391, 4]
[0.831, 0.702, 7, -4.897, 1, 0.0479, 0.0186, 0.795, 0.0918, 0.295, 123.011, 360977, 4]
[0.628, 0.849, 5, -5.242, 0, 0.0414, 0.00399, 0.19, 0.458, 0.482, 126.036, 162422, 4]
[0.68, 0.81, 5, -5.455, 0, 0.0458, 0.000683, 0.383, 0.0301, 0.565, 126.03, 221250, 4]
[0.878, 0.957, 10, -4.54, 0, 0.263, 0.00254, 0.361, 0.336, 0.205, 126.011, 185714, 4]
[0.59, 0.947, 10, -4.481, 0, 0.0341, 0.0249, 0.787, 0.121, 0.155, 102.991, 168350, 4]
[0.62, 0.792, 6, -5.718, 0, 0.0563, 0.0164, 0.184, 0.123, 0.0753, 115.01, 218277, 4]
[0.715, 0.876, 1, -7.55, 1, 0.147, 0.0103, 1.37e-05, 0.394, 0.175, 123.983, 174857, 4]
[0.712, 0.839, 10, -1.845, 0, 0.0462, 5.94e-05, 0.661, 0.117, 0.231, 110.049, 108545, 4]
[0.643, 0.822, 0, -7.455, 1, 0.0465, 0.000544, 0.819, 0.0521, 0.351, 127.945, 228750, 4]
[0.61, 0.946, 10, -3.554, 1, 0.0514, 0.000644, 0.605, 0.137, 0.413, 149.982, 107200, 4]
[0.55, 0.837, 11, -3.325, 1, 0.0345, 6.96e-05, 0.884, 0.133, 0.0812, 100.016, 241950, 4]
[0.552, 0.997, 8, -3.257, 1, 0.0625, 0.000136, 0.886, 0.113, 0.509, 128.0, 192349, 4]
[0.948, 0.531, 1, -2.616, 0, 0.0619, 0.000482, 0.843, 0.106, 0.23, 120.076, 66500, 4]
[0.659, 0.945, 1, -3.852, 1, 0.0596, 0.0296, 0.583, 0.119, 0.474, 127.927, 185725, 4]
[0.515, 0.638, 1, -4.436, 1, 0.039, 0.012, 0.000965, 0.104, 0.105, 129.972, 169846, 4]
[0.493, 0.698, 1, -4.346, 1, 0.0381, 0.0794, 0.000179, 0.117, 0.139, 129.975, 142154, 4]
