0.806, 0.927, 11, -7.585, 0, 0.0487, 0.000914, 0.904, 0.0799, 0.0995, 124.998, 330240, 4
0.759, 0.682, 0, -7.371, 1, 0.0345, 0.00821, 0.136, 0.144, 0.384, 124.007, 340645, 4
0.805, 0.806, 7, -6.047, 1, 0.0534, 1.84e-05, 0.881, 0.0465, 0.191, 121.991, 346230, 4
0.802, 0.403, 7, -8.487, 1, 0.0533, 0.000791, 0.877, 0.189, 0.5, 125.008, 330240, 4
0.805, 0.743, 7, -6.987, 1, 0.0499, 0.000814, 0.922, 0.579, 0.387, 123.014, 452683, 4
0.799, 0.685, 4, -13.048, 0, 0.0575, 0.0652, 0.817, 0.36, 0.736, 123.997, 642581, 4
0.691, 0.966, 0, -9.39, 1, 0.0432, 0.0532, 0.846, 0.0795, 0.943, 123.999, 248256, 4
0.809, 0.673, 1, -11.025, 1, 0.0451, 0.0147, 0.878, 0.093, 0.212, 125.023, 380160, 4
0.808, 0.685, 2, -17.504, 1, 0.0474, 0.0202, 0.892, 0.109, 0.079, 125.0, 347520, 4
0.809, 0.993, 5, -14.532, 0, 0.047, 0.0159, 0.861, 0.0603, 0.936, 124.998, 414720, 4
0.8, 0.803, 5, -14.433, 1, 0.0675, 0.0614, 0.903, 0.0851, 0.445, 125.967, 442000, 4
0.809, 0.561, 10, -14.33, 0, 0.0523, 0.000245, 0.867, 0.0876, 0.312, 126.011, 457187, 4
0.807, 0.458, 7, -13.177, 1, 0.0843, 0.0874, 0.896, 0.111, 0.821, 126.025, 473500, 4
0.805, 0.643, 0, -16.165, 1, 0.0745, 0.000117, 0.861, 0.109, 0.659, 125.995, 472391, 4
0.79, 0.692, 8, -8.65, 1, 0.067, 0.219, 0.895, 0.113, 0.0388, 124.993, 384026, 4
0.786, 0.724, 0, -8.851, 1, 0.0421, 0.00125, 0.884, 0.108, 0.11, 124.004, 371644, 4
0.808, 0.867, 7, -8.717, 1, 0.0502, 0.000135, 0.956, 0.0797, 0.322, 127.996, 405029, 4
0.806, 0.684, 7, -8.819, 0, 0.0607, 0.00397, 0.833, 0.0597, 0.248, 125.995, 304797, 4
0.783, 0.873, 0, -6.18, 1, 0.0535, 0.000128, 0.925, 0.0873, 0.244, 128.013, 360046, 4
0.809, 0.936, 11, -7.536, 1, 0.0498, 0.00886, 0.895, 0.0789, 0.236, 125.003, 419876, 4
0.808, 0.908, 2, -8.065, 0, 0.0423, 0.00801, 0.892, 0.0752, 0.854, 123.015, 436721, 4
0.798, 0.868, 7, -8.609, 1, 0.0741, 0.0243, 0.919, 0.349, 0.51, 128.013, 365093, 4
0.795, 0.942, 6, -9.72, 0, 0.0955, 0.092, 0.724, 0.104, 0.192, 132.008, 379245, 4
0.806, 0.711, 0, -6.784, 1, 0.0813, 5.33e-05, 0.92, 0.0817, 0.399, 128.001, 398120, 4
0.808, 0.561, 10, -15.339, 1, 0.0963, 0.000591, 0.758, 0.0853, 0.806, 128.036, 390000, 4
0.789, 0.588, 2, -9.487, 1, 0.0656, 9.44e-05, 0.709, 0.0654, 0.115, 128.013, 371279, 4
0.8, 0.49, 11, -7.253, 0, 0.0573, 0.00329, 0.894, 0.0585, 0.267, 128.005, 360013, 4
0.796, 0.598, 7, -15.59, 1, 0.0671, 0.000274, 0.928, 0.135, 0.105, 128.012, 420000, 4
0.505, 0.74, 7, -9.164, 1, 0.0979, 0.119, 0.79, 0.071, 0.0368, 128.017, 319346, 4
0.829, 0.667, 11, -7.365, 0, 0.0749, 4.42e-05, 0.536, 0.0454, 0.45, 126.009, 398130, 4
0.78, 0.879, 7, -9.203, 0, 0.0688, 0.0507, 0.845, 0.0891, 0.826, 126.009, 354173, 4
0.855, 0.733, 1, -10.599, 1, 0.0812, 0.00328, 0.821, 0.0508, 0.341, 126.001, 417160, 4
0.868, 0.588, 11, -8.542, 0, 0.141, 0.00572, 0.483, 0.0802, 0.604, 125.03, 368680, 4
0.794, 0.662, 8, -4.456, 1, 0.0686, 0.00303, 0.751, 0.0872, 0.107, 128.029, 375050, 4
0.794, 0.938, 10, -7.096, 0, 0.0639, 0.0131, 0.866, 0.0831, 0.277, 128.029, 388130, 4
0.82, 0.525, 10, -11.613, 0, 0.102, 0.119, 0.593, 0.104, 0.574, 123.961, 379355, 4
0.807, 0.775, 2, -7.446, 1, 0.0532, 3.64e-05, 0.933, 0.0927, 0.404, 127.996, 368442, 4
0.792, 0.813, 1, -7.995, 0, 0.0736, 0.0145, 0.908, 0.193, 0.333, 126.074, 421000, 4
0.8, 0.756, 7, -8.942, 1, 0.0496, 0.000783, 0.847, 0.0925, 0.512, 125.985, 380952, 4
0.819, 0.603, 1, -10.644, 1, 0.0537, 0.0988, 0.909, 0.104, 0.371, 125.032, 384000, 4
0.882, 0.425, 9, -10.497, 0, 0.223, 0.00799, 0.781, 0.0381, 0.616, 117.994, 398644, 4
0.79, 0.852, 10, -6.26, 0, 0.0554, 0.00011, 0.89, 0.108, 0.744, 128.004, 397769, 4
0.875, 0.387, 8, -8.332, 1, 0.0906, 0.00998, 0.88, 0.0734, 0.303, 126.079, 365714, 4
0.838, 0.706, 1, -9.114, 1, 0.0708, 0.0342, 0.838, 0.103, 0.264, 124.991, 360960, 4
0.792, 0.524, 4, -11.304, 0, 0.051, 0.00101, 0.583, 0.102, 0.231, 121.999, 354098, 4
0.809, 0.89, 9, -7.225, 0, 0.0471, 0.00216, 0.892, 0.621, 0.701, 126.005, 406000, 5
0.809, 0.694, 10, -11.097, 0, 0.0567, 0.00179, 0.891, 0.105, 0.131, 126.009, 398000, 4
0.801, 0.878, 7, -8.815, 1, 0.0607, 0.107, 0.897, 0.103, 0.111, 124.996, 476000, 4
0.797, 0.943, 1, -10.251, 1, 0.0466, 0.0153, 0.865, 0.0522, 0.0921, 124.0, 314000, 4
0.762, 0.952, 7, -8.048, 1, 0.0835, 0.157, 0.688, 0.141, 0.744, 126.019, 508000, 4
0.547, 0.892, 5, -9.835, 1, 0.054, 0.0487, 0.912, 0.0719, 0.173, 124.008, 473039, 4
0.811, 0.517, 9, -12.858, 1, 0.061, 0.00627, 0.93, 0.115, 0.0805, 123.999, 452903, 4
0.841, 0.816, 9, -7.71, 1, 0.0845, 0.00359, 0.647, 0.0627, 0.734, 124.997, 414720, 4
0.87, 0.638, 0, -8.288, 1, 0.344, 0.0469, 0.677, 0.151, 0.218, 124.037, 436000, 4
0.797, 0.662, 1, -8.434, 0, 0.0465, 0.0167, 0.856, 0.0977, 0.0594, 122.016, 385574, 4
0.831, 0.527, 0, -14.036, 1, 0.14, 0.321, 0.821, 0.108, 0.436, 123.017, 444873, 4
0.877, 0.901, 10, -8.064, 0, 0.127, 0.000599, 0.927, 0.0487, 0.803, 124.013, 325161, 4
0.8, 0.97, 10, -5.242, 0, 0.0714, 0.000581, 0.891, 0.084, 0.304, 124.054, 387097, 4
0.786, 0.936, 1, -5.59, 1, 0.049, 0.00185, 0.862, 0.13, 0.0515, 123.997, 433548, 4
0.803, 0.837, 11, -8.348, 0, 0.0653, 0.00123, 0.912, 0.107, 0.675, 125.991, 426667, 4
0.811, 0.855, 11, -11.265, 0, 0.0651, 0.00304, 0.861, 0.0587, 0.86, 126.011, 384784, 4
0.81, 0.685, 1, -8.941, 1, 0.0579, 0.00145, 0.94, 0.0522, 0.644, 126.043, 365786, 4
0.756, 0.945, 11, -8.89, 0, 0.155, 0.016, 0.91, 0.0731, 0.453, 126.001, 387737, 4
0.81, 0.83, 11, -9.139, 0, 0.061, 0.00158, 0.905, 0.0386, 0.828, 126.027, 320410, 4
0.812, 0.801, 1, -11.192, 1, 0.162, 0.00383, 0.903, 0.0623, 0.496, 122.017, 409180, 4
0.908, 0.609, 1, -10.169, 1, 0.269, 0.00816, 0.599, 0.0948, 0.49, 123.988, 433548, 4
0.809, 0.86, 11, -9.922, 0, 0.0527, 0.0814, 0.91, 0.109, 0.325, 125.0, 552960, 4
0.805, 0.729, 9, -11.536, 0, 0.072, 0.00135, 0.669, 0.0526, 0.385, 124.012, 592258, 4
0.811, 0.914, 6, -8.457, 0, 0.0816, 0.00119, 0.93, 0.16, 0.364, 125.96, 396749, 4
0.934, 0.869, 0, -8.421, 1, 0.0435, 0.116, 0.901, 0.129, 0.963, 123.025, 350993, 4
0.8, 0.741, 2, -8.101, 1, 0.0972, 0.000925, 0.89, 0.175, 0.605, 129.034, 419625, 4
0.803, 0.903, 11, -8.362, 0, 0.0577, 0.00137, 0.94, 0.0586, 0.695, 130.0, 418292, 4
0.751, 0.74, 10, -8.264, 1, 0.0322, 0.00145, 0.941, 0.102, 0.362, 125.004, 449632, 4
0.809, 0.569, 2, -9.559, 1, 0.0872, 0.000792, 0.937, 0.0892, 0.38, 126.009, 489524, 4
0.799, 0.553, 5, -11.726, 0, 0.0886, 0.0759, 0.917, 0.0914, 0.687, 126.023, 411429, 4
0.863, 0.557, 4, -8.525, 1, 0.0762, 0.00668, 0.752, 0.304, 0.23, 127.007, 505266, 4
0.835, 0.534, 0, -7.925, 1, 0.0672, 0.0013, 0.738, 0.09, 0.165, 128.017, 485620, 4
0.734, 0.559, 1, -11.288, 1, 0.0527, 0.00127, 0.787, 0.102, 0.249, 128.001, 403392, 4
0.675, 0.819, 7, -9.84, 1, 0.0507, 0.00689, 0.881, 0.113, 0.595, 127.024, 412170, 4
0.703, 0.901, 10, -6.627, 0, 0.064, 0.0023, 0.9, 0.0896, 0.61, 127.002, 381614, 4
0.802, 0.796, 7, -8.812, 1, 0.0507, 0.00223, 0.819, 0.0721, 0.639, 126.0, 427619, 4
[0.879, 0.81, 7, -8.014, 1, 0.0725, 0.00148, 0.843, 0.111, 0.263, 128.034, 300079, 4]
[0.757, 0.496, 5, -13.352, 0, 0.181, 0.0553, 0.814, 0.137, 0.206, 123.963, 467419, 4]
[0.806, 0.615, 7, -10.245, 1, 0.0619, 0.00297, 0.789, 0.105, 0.446, 126.994, 404409, 4]
[0.8, 0.582, 1, -8.683, 1, 0.0557, 0.000606, 0.87, 0.175, 0.179, 125.011, 406214, 4]
[0.743, 0.825, 10, -8.075, 0, 0.0466, 0.00817, 0.899, 0.208, 0.25, 120.022, 392000, 4]
[0.912, 0.622, 11, -9.742, 0, 0.128, 0.000208, 0.877, 0.0465, 0.76, 123.986, 377419, 4]
[0.776, 0.976, 1, -8.276, 1, 0.0674, 0.000178, 0.886, 0.0502, 0.89, 125.023, 369600, 4]
[0.807, 0.708, 11, -8.699, 0, 0.0498, 0.00281, 0.938, 0.0986, 0.883, 121.997, 381148, 4]
[0.802, 0.838, 8, -9.377, 1, 0.046, 0.062, 0.882, 0.092, 0.409, 124.996, 537589, 4]
[0.965, 0.402, 11, -12.33, 0, 0.317, 0.00113, 0.881, 0.109, 0.317, 125.015, 555227, 4]
[0.806, 0.518, 10, -13.166, 0, 0.0707, 0.00186, 0.906, 0.135, 0.234, 123.999, 363871, 4]
[0.8, 0.952, 11, -7.548, 0, 0.0461, 0.00186, 0.907, 0.129, 0.869, 126.978, 398150, 4]
[0.489, 0.655, 7, -13.18, 1, 0.0354, 0.000545, 0.9, 0.104, 0.0348, 126.986, 526012, 4]
[0.811, 0.693, 10, -9.595, 0, 0.182, 0.000866, 0.93, 0.0793, 0.17, 124.968, 530920, 4]
[0.797, 0.724, 6, -11.397, 1, 0.104, 0.0564, 0.87, 0.108, 0.303, 125.991, 367619, 4]
[0.841, 0.374, 5, -14.176, 0, 0.0882, 0.011, 0.876, 0.113, 0.309, 124.195, 378744, 4]
[0.808, 0.662, 1, -12.661, 1, 0.088, 0.000587, 0.922, 0.0738, 0.119, 122.02, 786885, 4]
[0.797, 0.689, 11, -12.149, 0, 0.153, 0.231, 0.91, 0.0902, 0.419, 124.001, 458515, 4]
[0.809, 0.641, 7, -11.25, 1, 0.073, 0.000959, 0.899, 0.186, 0.156, 124.978, 537600, 4]
[0.809, 0.759, 7, -11.272, 1, 0.075, 0.00025, 0.842, 0.0864, 0.213, 124.025, 415082, 4]
[0.809, 0.832, 10, -10.653, 0, 0.0564, 0.000928, 0.888, 0.0762, 0.284, 123.02, 337240, 4]
[0.807, 0.454, 7, -11.879, 1, 0.0567, 0.00324, 0.832, 0.103, 0.323, 125.044, 527836, 4]
[0.809, 0.635, 1, -15.066, 1, 0.0645, 0.00305, 0.905, 0.0745, 0.416, 123.011, 405861, 4]
[0.829, 0.594, 7, -11.326, 1, 0.0817, 0.0251, 0.833, 0.112, 0.396, 126.033, 445040, 4]
[0.87, 0.39, 11, -15.155, 0, 0.0793, 0.00169, 0.797, 0.0807, 0.488, 125.018, 262832, 4]
[0.813, 0.83, 11, -9.04, 0, 0.0543, 0.00307, 0.91, 0.0406, 0.836, 122.003, 468896, 4]
[0.789, 0.988, 1, -2.876, 1, 0.124, 0.0945, 0.831, 0.0967, 0.36, 127.005, 544320, 4]
[0.663, 0.825, 7, -16.322, 1, 0.0676, 0.131, 0.927, 0.0803, 0.391, 129.975, 540313, 4]
[0.849, 0.739, 9, -13.137, 0, 0.0803, 0.00279, 0.893, 0.556, 0.233, 124.006, 402581, 4]
[0.807, 0.681, 1, -7.365, 1, 0.0589, 3.37e-05, 0.673, 0.0827, 0.278, 124.011, 480000, 4]
[0.806, 0.911, 4, -7.367, 0, 0.0891, 0.00248, 0.12, 0.0455, 0.651, 123.015, 571709, 4]
[0.871, 0.917, 11, -8.424, 0, 0.0861, 0.0218, 0.677, 0.0286, 0.476, 123.0, 382440, 4]
[0.804, 0.743, 4, -13.044, 0, 0.055, 0.00214, 0.884, 0.0768, 0.534, 129.013, 396279, 4]
[0.793, 0.534, 6, -12.275, 1, 0.0513, 0.00247, 0.734, 0.0872, 0.63, 125.99, 428571, 4]
[0.799, 0.606, 1, -10.453, 1, 0.121, 0.017, 0.84, 0.0964, 0.662, 128.006, 424000, 4]
[0.81, 0.606, 7, -14.183, 1, 0.0507, 0.00101, 0.942, 0.108, 0.687, 124.996, 395520, 4]
[0.805, 0.632, 11, -13.792, 0, 0.0609, 0.000892, 0.807, 0.103, 0.505, 124.004, 394839, 4]
[0.796, 0.869, 9, -11.48, 1, 0.0577, 0.000317, 0.847, 0.0428, 0.294, 127.998, 266762, 4]
[0.789, 0.458, 8, -11.726, 1, 0.036, 0.000582, 0.91, 0.0945, 0.139, 125.003, 223242, 4]
[0.728, 0.876, 1, -8.92, 1, 0.0429, 0.000597, 0.916, 0.243, 0.894, 125.004, 351451, 4]
[0.709, 0.947, 0, -7.97, 1, 0.048, 0.0147, 0.336, 0.647, 0.16, 132.006, 414545, 4]
[0.804, 0.917, 1, -9.321, 1, 0.0613, 0.0478, 0.892, 0.076, 0.881, 126.992, 447874, 4]
[0.783, 0.86, 0, -7.236, 1, 0.0527, 0.00657, 0.86, 0.192, 0.534, 128.013, 406875, 4]
[0.802, 0.858, 7, -6.474, 1, 0.141, 0.00801, 0.0827, 0.0824, 0.313, 127.092, 426047, 4]
[0.796, 0.844, 1, -9.525, 1, 0.07, 0.0632, 0.891, 0.0923, 0.574, 129.989, 443420, 4]
[0.801, 0.954, 6, -10.297, 1, 0.0784, 0.0284, 0.865, 0.0615, 0.866, 126.992, 362835, 4]
[0.798, 0.982, 7, -9.847, 1, 0.0791, 0.0235, 0.874, 0.0746, 0.664, 127.033, 423307, 4]
[0.792, 0.806, 11, -9.989, 0, 0.0736, 0.00162, 0.901, 0.0998, 0.267, 134.997, 385778, 4]
[0.784, 0.885, 11, -10.636, 0, 0.0563, 0.000119, 0.889, 0.0895, 0.261, 134.999, 376861, 4]
[0.805, 0.967, 11, -9.891, 0, 0.0561, 0.00597, 0.875, 0.558, 0.867, 124.994, 390010, 4]
[0.806, 0.927, 11, -6.84, 0, 0.0476, 0.328, 0.901, 0.0693, 0.813, 126.023, 380952, 4]
[0.806, 0.753, 6, -9.359, 0, 0.0618, 0.00016, 0.9, 0.41, 0.622, 123.016, 409756, 4]
[0.796, 0.869, 1, -9.606, 1, 0.0761, 0.00512, 0.904, 0.098, 0.468, 128.0, 440827, 4]
[0.799, 0.789, 11, -9.854, 0, 0.0755, 0.000235, 0.736, 0.0771, 0.73, 128.026, 472573, 4]
[0.81, 0.894, 7, -9.349, 1, 0.0699, 0.0962, 0.912, 0.113, 0.323, 126.021, 388564, 4]
[0.807, 0.788, 11, -12.91, 0, 0.0438, 0.0311, 0.763, 0.0746, 0.923, 124.997, 381480, 4]
[0.859, 0.722, 11, -9.878, 1, 0.0637, 0.00629, 0.505, 0.0854, 0.904, 125.973, 335238, 4]
[0.738, 0.863, 10, -11.352, 0, 0.0788, 0.00326, 0.788, 0.0584, 0.212, 124.056, 433548, 4]
[0.802, 0.937, 7, -8.499, 1, 0.0769, 0.0288, 0.881, 0.0973, 0.634, 127.991, 378812, 4]
[0.809, 0.794, 11, -8.69, 0, 0.121, 0.00423, 0.927, 0.0259, 0.387, 125.995, 350548, 4]
[0.79, 0.643, 1, -9.527, 1, 0.14, 0.429, 0.756, 0.0599, 0.531, 114.0, 305361, 4]
[0.741, 0.798, 0, -6.566, 1, 0.0493, 0.00225, 0.904, 0.0471, 0.279, 127.002, 332598, 4]
[0.806, 0.792, 1, -6.617, 1, 0.0867, 0.000209, 0.909, 0.0481, 0.227, 119.996, 448000, 4]
[0.807, 0.749, 9, -7.253, 0, 0.0503, 0.00154, 0.944, 0.145, 0.375, 122.989, 452683, 4]
[0.711, 0.883, 2, -7.464, 1, 0.0531, 0.00169, 0.861, 0.68, 0.535, 124.0, 402581, 4]
[0.735, 0.895, 7, -6.861, 1, 0.0444, 2.68e-05, 0.873, 0.673, 0.56, 121.998, 346230, 4]
[0.81, 0.603, 10, -6.304, 0, 0.0504, 0.000145, 0.851, 0.0722, 0.156, 123.017, 405854, 4]
[0.733, 0.652, 1, -7.163, 1, 0.0582, 0.000525, 0.674, 0.127, 0.301, 125.988, 335238, 4]
[0.791, 0.629, 4, -6.558, 0, 0.0467, 0.000101, 0.926, 0.532, 0.309, 122.004, 346230, 4]
[0.805, 0.745, 9, -6.881, 1, 0.0577, 0.000108, 0.618, 0.514, 0.081, 124.008, 332903, 4]
[0.806, 0.78, 1, -5.964, 1, 0.0497, 1.63e-05, 0.886, 0.0469, 0.332, 121.984, 346230, 4]
