0.805, 0.902, 5, -7.321, 1, 0.0484, 0.00162, 0.833, 0.104, 0.186, 124.999, 368640, 4
0.707, 0.872, 7, -8.779, 1, 0.0567, 0.0025, 0.63, 0.116, 0.965, 114.003, 437895, 4
0.822, 0.813, 0, -5.864, 0, 0.129, 0.0454, 0.655, 0.095, 0.508, 94.991, 353684, 4
0.722, 0.862, 7, -9.124, 1, 0.0543, 0.00189, 0.948, 0.118, 0.961, 114.0, 437895, 4
0.787, 0.734, 9, -6.106, 0, 0.055, 0.000105, 0.831, 0.121, 0.603, 109.985, 401455, 4
0.814, 0.827, 9, -6.123, 1, 0.0809, 0.000335, 0.904, 0.0377, 0.584, 125.0, 384000, 4
0.802, 0.977, 9, -6.029, 1, 0.0546, 0.0206, 0.921, 0.0375, 0.881, 124.99, 384000, 4
0.849, 0.804, 9, -6.793, 0, 0.0606, 0.00202, 0.683, 0.0504, 0.438, 123.009, 421463, 4
0.807, 0.817, 11, -6.499, 0, 0.0936, 0.00242, 0.889, 0.0432, 0.576, 121.987, 409180, 4
0.775, 0.751, 0, -9.327, 1, 0.0742, 0.000411, 0.881, 0.19, 0.402, 115.998, 380690, 4
0.774, 0.74, 5, -9.386, 1, 0.0641, 0.000375, 0.876, 0.164, 0.417, 115.999, 380690, 4
0.804, 0.876, 4, -6.582, 0, 0.0481, 0.00219, 0.161, 0.103, 0.219, 125.001, 368640, 4
0.727, 0.858, 7, -6.247, 1, 0.0927, 0.000269, 0.902, 0.195, 0.742, 123.004, 327805, 4
0.935, 0.802, 5, -4.778, 0, 0.111, 0.000524, 0.807, 0.0797, 0.348, 119.985, 368000, 4
0.705, 0.735, 0, -7.739, 1, 0.0555, 0.000249, 0.906, 0.0865, 0.533, 120.012, 352000, 4
0.702, 0.74, 0, -7.525, 1, 0.054, 0.000245, 0.83, 0.0863, 0.565, 120.012, 352000, 4
0.724, 0.87, 0, -7.06, 1, 0.0503, 7.59e-05, 0.754, 0.0715, 0.97, 115.014, 467478, 4
0.773, 0.974, 10, -6.026, 0, 0.0544, 0.00157, 0.879, 0.0252, 0.777, 122.008, 302951, 4
0.648, 0.594, 0, -4.802, 1, 0.0391, 0.355, 0, 0.137, 0.105, 98.884, 204225, 4
0.648, 0.679, 8, -6.297, 1, 0.0424, 0.00122, 0.894, 0.0716, 0.654, 122.015, 285246, 4
0.768, 0.733, 0, -4.607, 1, 0.0468, 5.34e-05, 0.199, 0.0457, 0.68, 122.005, 377705, 4
0.732, 0.811, 4, -5.869, 1, 0.0565, 0.000907, 0.758, 0.0906, 0.659, 123.004, 343415, 4
0.803, 0.839, 0, -6.401, 1, 0.0456, 0.000237, 0.846, 0.236, 0.0383, 128.001, 444373, 4
0.821, 0.508, 2, -5.377, 1, 0.0638, 0.0181, 0.147, 0.0369, 0.634, 118.976, 354454, 4
0.855, 0.733, 0, -6.257, 1, 0.166, 0.00513, 0.041, 0.104, 0.954, 119.974, 396508, 4
0.798, 0.589, 10, -7.564, 1, 0.0616, 0.0149, 0.845, 0.233, 0.494, 117.974, 350013, 4
0.766, 0.947, 11, -1.684, 0, 0.0461, 0.0505, 0.491, 0.107, 0.947, 125.061, 284046, 4
0.694, 0.958, 11, -3.512, 0, 0.0363, 0.000355, 0.305, 0.0398, 0.904, 125.028, 184246, 4
0.717, 0.938, 9, -3.669, 1, 0.0371, 0.000172, 0.233, 0.0537, 0.948, 125.037, 303239, 4
0.725, 0.736, 11, -7.236, 0, 0.0349, 0.00473, 0.00537, 0.0944, 0.289, 124.999, 289160, 4
0.708, 0.964, 11, -1.367, 0, 0.0378, 0.0381, 0.393, 0.352, 0.962, 125.029, 207757, 4
0.746, 0.861, 7, -4.724, 0, 0.0752, 0.0242, 0.843, 0.37, 0.865, 121.003, 380826, 4
0.816, 0.558, 3, -8.328, 0, 0.0773, 0.417, 9.21e-06, 0.376, 0.926, 116.953, 186923, 4
0.883, 0.536, 11, -10.366, 0, 0.0482, 0.0005, 0.305, 0.132, 0.845, 119.202, 455866, 4
0.811, 0.706, 11, -10.984, 0, 0.0539, 0.000188, 0.903, 0.0456, 0.728, 122.635, 476378, 4
0.807, 0.755, 9, -8.374, 1, 0.0525, 7.79e-05, 0.923, 0.0424, 0.627, 120.0, 395223, 4
0.927, 0.916, 5, -7.747, 0, 0.134, 0.0552, 0.855, 0.451, 0.962, 115.022, 316476, 4
0.814, 0.76, 2, -7.559, 1, 0.0452, 0.00196, 0.509, 0.109, 0.596, 121.003, 408017, 4
0.751, 0.839, 6, -6.623, 0, 0.0364, 0.0245, 0.105, 0.537, 0.594, 121.988, 448525, 4
0.798, 0.869, 4, -4.446, 0, 0.0724, 0.000391, 0.757, 0.0282, 0.176, 115.009, 370203, 4
0.881, 0.598, 6, -6.944, 0, 0.049, 0.000743, 0.0319, 0.0607, 0.378, 122.014, 381991, 4
0.799, 0.916, 10, -4.844, 0, 0.0438, 0.0155, 0.63, 0.653, 0.628, 124.037, 398710, 4
0.783, 0.603, 5, -6.137, 0, 0.0535, 0.0559, 0.000274, 0.0968, 0.651, 147.89, 196216, 4
0.69, 0.87, 8, -7.523, 1, 0.0358, 0.013, 0.427, 0.25, 0.818, 124.992, 437606, 4
0.787, 0.77, 3, -4.363, 0, 0.0745, 0.00221, 0.16, 0.0682, 0.741, 124.0, 282581, 4
0.787, 0.77, 3, -4.363, 0, 0.0745, 0.00221, 0.16, 0.0682, 0.741, 124.0, 282581, 4
0.749, 0.843, 0, -4.001, 1, 0.0314, 0.0105, 0.83, 0.0206, 0.963, 123.995, 266129, 4
0.753, 0.59, 1, -4.523, 0, 0.0417, 0.00529, 0.906, 0.05, 0.625, 121.994, 300000, 4
0.75, 0.74, 5, -5.784, 0, 0.0416, 0.0022, 0.789, 0.0261, 0.768, 120.005, 265308, 4
0.771, 0.688, 2, -5.098, 1, 0.0403, 0.0159, 0.889, 0.0479, 0.733, 121.991, 285246, 4
0.829, 0.761, 11, -4.388, 1, 0.0462, 0.00124, 0.399, 0.0262, 0.84, 120.012, 262000, 4
0.714, 0.489, 0, -8.08, 0, 0.0398, 0.00113, 0.406, 0.163, 0.565, 119.992, 292738, 4
0.345, 0.303, 1, -17.028, 0, 0.0476, 0.729, 0.000798, 0.109, 0.0868, 86.542, 142617, 5
0.759, 0.853, 0, -5.36, 1, 0.0359, 0.00104, 0.0124, 0.125, 0.535, 125.026, 297600, 4
0.723, 0.909, 2, -4.794, 1, 0.044, 0.000296, 0.0209, 0.031, 0.531, 125.026, 285605, 4
0.781, 0.839, 0, -5.273, 1, 0.0367, 0.00191, 0.00346, 0.622, 0.682, 125.044, 249800, 4
0.591, 0.536, 5, -8.187, 0, 0.0639, 0.0739, 0, 0.343, 0.159, 132.84, 254580, 1
0.879, 0.471, 6, -10.888, 0, 0.199, 0.00155, 0.0188, 0.149, 0.683, 121.002, 339174, 4
0.857, 0.385, 10, -13.16, 0, 0.0412, 0.144, 0.418, 0.0958, 0.921, 112.013, 195000, 4
0.63, 0.561, 4, -8.131, 0, 0.0649, 0.696, 0, 0.174, 0.324, 123.965, 232602, 4
0.775, 0.803, 4, -11.302, 0, 0.062, 0.00335, 0.728, 0.0755, 0.502, 116.008, 265924, 4
0.707, 0.652, 10, -5.792, 0, 0.115, 0.34, 4.19e-06, 0.134, 0.506, 80.007, 209360, 4
0.447, 0.322, 8, -8.159, 0, 0.038, 0.886, 0, 0.105, 0.443, 127.952, 204121, 4
0.817, 0.636, 5, -7.537, 0, 0.0689, 0.0407, 0.782, 0.161, 0.64, 98.011, 221869, 4
0.819, 0.63, 6, -8.942, 1, 0.0682, 0.00175, 0.679, 0.0661, 0.245, 99.994, 231699, 4
0.743, 0.595, 10, -5.901, 0, 0.0602, 0.157, 0.401, 0.246, 0.706, 100.013, 238441, 4
0.782, 0.79, 9, -7.275, 0, 0.0631, 0.0176, 0.655, 0.244, 0.833, 94.015, 213085, 4
0.78, 0.784, 1, -8.527, 1, 0.0543, 6.66e-05, 0.913, 0.0618, 0.835, 102.016, 206669, 4
0.835, 0.616, 6, -8.596, 1, 0.114, 0.0372, 0.482, 0.0903, 0.335, 94.985, 269928, 4
0.818, 0.598, 10, -6.808, 1, 0.0509, 0.015, 0.839, 0.151, 0.963, 97.991, 215565, 4
0.807, 0.614, 10, -10.053, 0, 0.0988, 0.0132, 0.56, 0.0852, 0.839, 99.981, 235365, 4
0.765, 0.895, 0, -6.008, 1, 0.0453, 0.00488, 0.914, 0.14, 0.672, 94.005, 222571, 4
0.834, 0.71, 1, -8.119, 1, 0.165, 0.0013, 0.88, 0.1, 0.803, 90.007, 254847, 4
0.782, 0.818, 10, -8.989, 0, 0.0959, 0.0621, 0.889, 0.115, 0.7, 99.984, 228074, 4
0.811, 0.608, 11, -7.965, 0, 0.0782, 0.00928, 0.895, 0.105, 0.918, 99.998, 236525, 4
0.872, 0.603, 10, -9.289, 0, 0.0715, 0.0251, 0.83, 0.0994, 0.866, 100.003, 218867, 4
0.777, 0.626, 1, -7.401, 1, 0.0937, 0.00157, 0.84, 0.0392, 0.485, 96.485, 224667, 4
0.769, 0.819, 11, -8.634, 1, 0.102, 0.1, 0.8, 0.078, 0.948, 124.982, 369940, 4
0.707, 0.93, 10, -6.704, 0, 0.0507, 0.0226, 0.361, 0.0701, 0.815, 122.989, 333251, 4
0.744, 0.823, 11, -8.284, 1, 0.0448, 0.00082, 0.717, 0.0963, 0.878, 124.986, 327701, 4
0.763, 0.912, 5, -7.336, 1, 0.046, 0.00382, 0.751, 0.0227, 0.759, 123.021, 391599, 4
0.534, 0.829, 3, -9.66, 0, 0.0402, 8.4e-05, 0.797, 0.0512, 0.737, 126.011, 360005, 4
0.523, 0.841, 1, -8.935, 0, 0.0313, 0.000187, 0.616, 0.0784, 0.875, 124.008, 371623, 4
0.558, 0.759, 3, -9.6, 0, 0.0424, 3.72e-05, 0.827, 0.0394, 0.867, 126.029, 397817, 4
0.553, 0.814, 5, -10.32, 0, 0.0402, 0.00034, 0.833, 0.113, 0.675, 126.021, 357738, 4
0.486, 0.903, 6, -8.939, 1, 0.0357, 0.000106, 0.825, 0.0911, 0.664, 126.0, 333869, 4
0.515, 0.821, 4, -9.325, 0, 0.0521, 0.000507, 0.503, 0.0732, 0.487, 124.017, 452908, 4
0.516, 0.761, 7, -8.912, 1, 0.031, 0.0865, 0.571, 0.0664, 0.351, 120.023, 344005, 4
0.521, 0.878, 6, -8.101, 0, 0.0356, 0.00028, 0.378, 0.0534, 0.521, 123.995, 398715, 4
0.526, 0.93, 3, -8.105, 0, 0.0499, 0.000448, 0.0896, 0.0548, 0.646, 124.006, 371618, 4
0.558, 0.855, 7, -8.888, 1, 0.0465, 0.000151, 0.775, 0.0753, 0.729, 123.994, 350328, 4
0.569, 0.932, 8, -7.749, 1, 0.0349, 0.000564, 0.544, 0.154, 0.784, 123.994, 387147, 4
0.465, 0.822, 6, -8.698, 0, 0.0324, 0.00831, 0.0878, 0.0737, 0.07, 117.994, 333565, 4
0.496, 0.81, 1, -11.342, 0, 0.0324, 0.000631, 0.537, 0.0736, 0.599, 126.046, 358100, 4
0.553, 0.833, 8, -6.828, 0, 0.0321, 9.76e-05, 0.63, 0.0647, 0.919, 126.038, 297431, 4
[0.845, 0.865, 11, -7.217, 0, 0.0438, 0.00149, 0.705, 0.0343, 0.804, 123.981, 518710, 4]
[0.799, 0.558, 7, -9.474, 1, 0.0708, 0.0681, 0.917, 0.0694, 0.942, 130.006, 120885, 4]
[0.722, 0.66, 1, -9.73, 1, 0.0866, 0.0373, 0.641, 0.112, 0.402, 128.949, 265759, 4]
[0.88, 0.272, 4, -11.67, 0, 0.111, 0.083, 0.778, 0.107, 0.333, 127.96, 101000, 4]
[0.803, 0.878, 6, -10.088, 1, 0.0513, 0.00337, 0.906, 0.0897, 0.65, 129.995, 120505, 4]
[0.745, 0.675, 9, -9.721, 0, 0.033, 0.0799, 0.702, 0.102, 0.441, 120.005, 316441, 4]
[0.705, 0.57, 7, -8.54, 1, 0.0679, 0.00221, 0.823, 0.624, 0.148, 125.106, 582031, 4]
[0.796, 0.677, 4, -5.863, 1, 0.0912, 0.0436, 0, 0.115, 0.658, 114.027, 198713, 4]
[0.827, 0.991, 2, -2.86, 1, 0.106, 0.354, 0.754, 0.653, 0.467, 123.09, 265920, 4]
[0.701, 0.68, 5, -11.013, 0, 0.0561, 0.155, 0.702, 0.282, 0.604, 120.017, 240000, 4]
[0.84, 0.604, 4, -8.174, 0, 0.0536, 0.000376, 0.00274, 0.0224, 0.538, 123.018, 380885, 4]
[0.895, 0.611, 8, -7.169, 1, 0.0502, 0.00337, 0.739, 0.0826, 0.673, 121.014, 386777, 4]
[0.873, 0.915, 1, -4.537, 0, 0.0724, 0.000376, 0.0984, 0.374, 0.397, 127.971, 309679, 4]
[0.9, 0.789, 0, -8.044, 1, 0.126, 0.0263, 0.000267, 0.0744, 0.776, 120.093, 157000, 4]
[0.678, 0.737, 7, -9.559, 1, 0.0295, 0.0864, 0.0541, 0.115, 0.476, 120.004, 424500, 4]
[0.693, 0.887, 6, -10.401, 1, 0.0466, 0.00031, 0.78, 0.608, 0.633, 121.998, 389508, 4]
[0.694, 0.721, 2, -6.38, 1, 0.0699, 0.00707, 0.867, 0.137, 0.308, 121.987, 177000, 4]
[0.649, 0.537, 6, -11.136, 0, 0.0376, 0.0035, 3.19e-06, 0.115, 0.808, 120.019, 242000, 4]
[0.546, 0.994, 11, -3.036, 0, 0.0725, 0.00313, 0.854, 0.111, 0.777, 119.992, 211031, 4]
[0.462, 0.809, 7, -4.616, 0, 0.0605, 0.0468, 0.0386, 0.362, 0.395, 123.92, 159194, 4]
[0.702, 0.793, 5, -7.001, 0, 0.0361, 0.0011, 0.884, 0.271, 0.696, 124.991, 312960, 4]
[0.66, 0.459, 7, -18.49, 1, 0.0576, 0.00145, 0.773, 0.0534, 0.798, 120.007, 464000, 4]
[0.8, 0.827, 11, -5.107, 1, 0.0479, 0.0824, 0.0341, 0.0708, 0.851, 114.003, 229857, 4]
[0.679, 0.725, 6, -15.76, 1, 0.0653, 0.00101, 0.806, 0.343, 0.617, 107.141, 122149, 4]
[0.836, 0.911, 8, -5.583, 1, 0.0622, 0.317, 0.577, 0.105, 0.521, 119.979, 402000, 4]
[0.833, 0.923, 7, -7.941, 1, 0.108, 0.00596, 0.875, 0.109, 0.208, 126.005, 358813, 4]
[0.632, 0.435, 5, -15.548, 0, 0.0849, 0.0145, 0.941, 0.0519, 0.47, 170.081, 300054, 4]
[0.687, 0.949, 6, -5.135, 0, 0.036, 0.00332, 0.594, 0.261, 0.501, 121.991, 192266, 4]
[0.802, 0.762, 1, -6.298, 1, 0.0439, 0.0001, 0.658, 0.0538, 0.553, 124.979, 341000, 4]
[0.789, 0.948, 0, -8.64, 1, 0.0439, 0.055, 0.873, 0.192, 0.45, 119.978, 337625, 4]
[0.792, 0.841, 1, -8.382, 1, 0.0645, 0.00409, 0.82, 0.111, 0.205, 129.999, 130202, 4]
[0.889, 0.702, 5, -8.487, 0, 0.211, 0.0289, 0.957, 0.108, 0.811, 125.012, 368640, 4]
[0.587, 0.394, 1, -12.224, 1, 0.0306, 0.0715, 0.902, 0.0643, 0.118, 99.984, 127206, 4]
[0.703, 0.887, 1, -8.54, 1, 0.0614, 0.00225, 0.0378, 0.367, 0.893, 128.031, 189942, 4]
[0.746, 0.773, 0, -5.722, 0, 0.0426, 0.00236, 0.00204, 0.22, 0.928, 121.008, 303471, 4]
[0.706, 0.516, 5, -15.071, 0, 0.0342, 0.251, 0.602, 0.0977, 0.432, 129.905, 81236, 4]
[0.747, 0.74, 10, -7.587, 0, 0.0464, 0.00197, 0.0439, 0.0612, 0.697, 122.99, 315500, 4]
[0.797, 0.547, 7, -10.228, 1, 0.0771, 0.0154, 0.88, 0.0808, 0.139, 130.013, 65985, 4]
[0.681, 0.817, 6, -6.903, 1, 0.0596, 0.00474, 0.714, 0.33, 0.96, 123.989, 375170, 4]
[0.692, 0.888, 10, -4.887, 0, 0.0854, 0.0263, 0, 0.0647, 0.638, 130.026, 181952, 3]
[0.813, 0.722, 7, -6.952, 1, 0.0835, 0.0566, 0.155, 0.103, 0.621, 119.949, 228637, 4]
[0.851, 0.906, 9, -4.76, 1, 0.0436, 0.0717, 1.15e-06, 0.0497, 0.902, 122.03, 183934, 4]
[0.689, 0.875, 10, -5.212, 0, 0.0784, 0.00172, 0.00293, 0.0828, 0.611, 126.984, 179520, 4]
[0.73, 0.746, 0, -7.049, 0, 0.047, 0.122, 0.821, 0.044, 0.845, 119.995, 434000, 4]
[0.798, 0.966, 7, -8.277, 1, 0.0452, 0.101, 0.868, 0.232, 0.402, 120.01, 288625, 4]
[0.796, 0.842, 10, -9.901, 0, 0.0459, 0.0088, 0.903, 0.38, 0.232, 120.018, 341995, 4]
[0.697, 0.863, 11, -5.726, 0, 0.0757, 0.038, 1.4e-05, 0.166, 0.519, 128.007, 267250, 4]
[0.899, 0.109, 6, -23.678, 1, 0.0874, 0.0137, 0.896, 0.104, 0.144, 120.062, 260501, 4]
[0.655, 0.915, 0, -4.075, 1, 0.0456, 0.00126, 0.857, 0.108, 0.575, 120.004, 306825, 4]
[0.799, 0.906, 1, -13.362, 0, 0.0651, 0.489, 0.967, 0.11, 0.687, 129.994, 120005, 4]
[0.747, 0.821, 0, -9.212, 1, 0.0399, 0.0239, 0.386, 0.0589, 0.628, 119.963, 326642, 4]
[0.721, 0.929, 6, -4.932, 0, 0.136, 0.00397, 0.0264, 0.487, 0.0623, 138.006, 177391, 4]
[0.799, 0.758, 1, -14.433, 1, 0.115, 0.0111, 0.894, 0.0721, 0.753, 130.013, 123582, 4]
[0.555, 0.725, 3, -12.534, 0, 0.0451, 0.146, 0.94, 0.472, 0.321, 140.013, 114862, 4]
[0.731, 0.874, 4, -10.73, 1, 0.0615, 0.0846, 0.783, 0.0806, 0.126, 119.992, 405500, 4]
[0.858, 0.478, 0, -11.489, 0, 0.11, 0.115, 0.789, 0.073, 0.842, 120.005, 160000, 4]
[0.713, 0.877, 2, -7.089, 0, 0.0331, 0.198, 0.839, 0.119, 0.679, 124.998, 231093, 4]
[0.716, 0.855, 11, -7.332, 0, 0.0541, 0.000697, 0.0863, 0.0665, 0.864, 132.973, 229000, 4]
[0.614, 0.756, 1, -5.997, 0, 0.031, 0.0111, 0.0552, 0.276, 0.385, 118.016, 167897, 4]
[0.832, 0.752, 3, -8.447, 1, 0.0438, 0.0851, 0.837, 0.0803, 0.507, 128.001, 303750, 4]
[0.793, 0.86, 0, -6.204, 0, 0.0451, 0.0894, 0.894, 0.0604, 0.757, 120.004, 212000, 4]
[0.743, 0.575, 2, -5.826, 1, 0.0698, 0.00851, 0.294, 0.345, 0.531, 126.05, 272381, 4]
[0.793, 0.876, 2, -8.37, 0, 0.0486, 0.101, 0.0256, 0.612, 0.727, 119.989, 192000, 4]
[0.648, 0.819, 9, -5.26, 0, 0.0388, 0.00205, 0.221, 0.0309, 0.631, 125.034, 323833, 4]
[0.767, 0.73, 9, -4.713, 0, 0.0314, 0.0265, 0.0212, 0.513, 0.256, 119.989, 173058, 4]
[0.749, 0.908, 0, -7.005, 1, 0.0388, 0.00275, 0.0639, 0.0783, 0.714, 130.016, 299317, 4]
[0.692, 0.299, 6, -7.837, 0, 0.067, 0.709, 0.0023, 0.114, 0.661, 95.08, 187607, 4]
[0.803, 0.903, 8, -7.432, 1, 0.0824, 0.035, 0.91, 0.0481, 0.338, 122.0, 379672, 4]
[0.652, 0.91, 7, -5.296, 0, 0.0412, 0.0971, 0.163, 0.142, 0.409, 121.982, 226230, 4]
[0.793, 0.769, 7, -6.714, 0, 0.112, 0.0302, 0.566, 0.048, 0.512, 121.995, 379672, 4]
[0.571, 0.582, 0, -9.144, 1, 0.0271, 0.255, 0.961, 0.126, 0.586, 82.022, 234199, 4]
[0.672, 0.791, 5, -9.081, 1, 0.032, 0.00785, 0.895, 0.037, 0.891, 115.006, 195580, 4]
[0.61, 0.651, 9, -10.861, 0, 0.0308, 0.0451, 0.107, 0.29, 0.426, 108.001, 297338, 4]
[0.563, 0.883, 2, -8.124, 0, 0.0355, 0.00384, 0.4, 0.448, 0.835, 114.003, 263493, 4]
[0.445, 0.581, 7, -11.903, 0, 0.0358, 0.0626, 0.954, 0.119, 0.708, 114.024, 232571, 4]
[0.491, 0.649, 1, -8.966, 0, 0.0397, 0.0965, 0.775, 0.107, 0.88, 177.031, 160832, 3]
[0.601, 0.436, 8, -12.291, 0, 0.16, 0.352, 0, 0.055, 0.587, 184.127, 213913, 4]
[0.722, 0.862, 0, -6.033, 1, 0.101, 0.000815, 0.036, 0.252, 0.75, 124.99, 202880, 4]
[0.812, 0.833, 11, -6.611, 0, 0.188, 0.00296, 0.111, 0.235, 0.808, 128.038, 206950, 4]
[0.758, 0.829, 2, -6.563, 0, 0.084, 0.000764, 0.233, 0.062, 0.656, 124.997, 321610, 4]
[0.808, 0.824, 11, -7.071, 0, 0.131, 0.00175, 0.31, 0.0926, 0.643, 127.993, 360000, 4]
[0.816, 0.818, 11, -7.385, 0, 0.108, 0.00104, 0.821, 0.0926, 0.656, 128.023, 360000, 4]
[0.815, 0.817, 11, -7.189, 0, 0.112, 0.00148, 0.552, 0.0926, 0.645, 127.999, 360000, 4]
[0.403, 0.508, 2, -7.025, 0, 0.114, 0.677, 3.44e-06, 0.111, 0.271, 80.171, 166588, 4]
[0.522, 0.935, 7, -4.722, 0, 0.203, 0.113, 0.0316, 0.373, 0.243, 123.965, 241578, 4]
[0.667, 0.88, 2, -5.964, 1, 0.032, 0.0026, 0, 0.26, 0.807, 126.002, 175238, 4]
[0.707, 0.352, 7, -10.072, 0, 0.159, 0.156, 0.0464, 0.077, 0.671, 113.972, 245319, 4]
[0.665, 0.809, 0, -6.024, 0, 0.0431, 0.123, 0.00012, 0.178, 0.521, 110.92, 205405, 4]
[0.774, 0.963, 9, -5.74, 1, 0.0403, 0.0159, 0.853, 0.191, 0.659, 123.986, 340645, 4]
[0.757, 0.594, 4, -10.735, 0, 0.058, 0.161, 0.613, 0.106, 0.919, 112.013, 214848, 4]
[0.666, 0.829, 6, -7.416, 0, 0.0483, 0.00337, 0.88, 0.0503, 0.814, 120.014, 404000, 4]
[0.804, 0.633, 9, -7.647, 0, 0.0625, 5.32e-05, 0.68, 0.017, 0.433, 124.996, 368542, 4]
[0.811, 0.677, 2, -7.238, 1, 0.0469, 0.00085, 0.867, 0.0545, 0.203, 118.989, 334874, 4]
[0.81, 0.705, 4, -7.414, 0, 0.0665, 0.176, 2.34e-05, 0.0601, 0.966, 116.001, 386578, 4]
[0.776, 0.784, 7, -8.373, 1, 0.0458, 0.00751, 0.528, 0.053, 0.769, 117.968, 225083, 4]
[0.695, 0.737, 2, -5.172, 0, 0.0288, 0.0163, 0.241, 0.05, 0.805, 104.999, 268226, 4]
[0.782, 0.71, 1, -5.22, 0, 0.0386, 0.00264, 0.775, 0.0959, 0.735, 105.003, 281515, 4]
[0.775, 0.733, 9, -6.527, 0, 0.133, 0.00986, 0.844, 0.159, 0.455, 96.002, 382500, 4]
[0.527, 0.748, 10, -4.334, 0, 0.334, 0.025, 0, 0.157, 0.447, 124.802, 163200, 4]
[0.913, 0.528, 0, -7.636, 1, 0.0458, 0.0104, 0.442, 0.0968, 0.792, 125.0, 295680, 4]
